0 	2 
1 	2 
2 	2 
3 	2 
4 	2 
5 	2 
6 	8 
7 	8 
8 	8 
9 	8 
10 	8 
11 	8 
12 	8 
13 	8 
14 	8 
15 	3 
16 	7 
17 	7 
18 	7 
19 	3 
20 	7 
21 	7 
22 	3 
23 	7 
24 	7 
25 	7 
26 	7 
27 	7 
28 	12 
29 	7 
30 	12 
31 	5 
32 	7 
33 	5 
34 	5 
35 	5 
36 	5 
37 	5 
38 	5 
39 	5 
40 	5 
41 	5 
42 	5 
43 	5 
44 	5 
45 	5 
46 	15 
47 	15 
48 	15 
49 	15 
50 	15 
51 	15 
52 	11 
53 	15 
54 	15 
55 	11 
56 	11 
57 	11 
58 	11 
59 	11 
60 	11 
61 	11 
62 	11 
63 	11 
64 	11 
65 	11 
66 	12 
67 	12 
68 	12 
69 	12 
70 	12 
71 	12 
72 	12 
73 	12 
74 	16 
75 	16 
76 	16 
77 	16 
78 	16 
79 	16 
80 	16 
81 	7 
82 	4 
83 	4 
84 	4 
85 	4 
86 	4 
87 	4 
88 	4 
89 	4 
90 	4 
91 	4 
92 	4 
93 	4 
94 	4 
95 	4 
96 	2 
97 	12 
98 	2 
99 	2 
100 	2 
101 	2 
102 	2 
103 	2 
104 	2 
105 	2 
106 	3 
107 	1 
108 	3 
109 	10 
110 	10 
111 	10 
112 	10 
113 	10 
114 	10 
115 	8 
116 	10 
117 	10 
118 	8 
119 	8 
120 	10 
121 	10 
122 	0 
123 	0 
124 	0 
125 	0 
126 	0 
127 	0 
128 	0 
129 	0 
130 	0 
131 	0 
132 	0 
133 	0 
134 	0 
135 	0 
136 	0 
137 	0 
138 	14 
139 	14 
140 	14 
141 	14 
142 	14 
143 	14 
144 	14 
145 	0 
146 	14 
147 	0 
148 	0 
149 	14 
150 	0 
151 	0 
152 	3 
153 	0 
154 	9 
155 	9 
156 	9 
157 	9 
158 	9 
159 	9 
160 	9 
161 	9 
162 	9 
163 	9 
164 	9 
165 	6 
166 	9 
167 	6 
168 	6 
169 	6 
170 	6 
171 	6 
172 	6 
173 	6 
174 	6 
175 	6 
176 	6 
177 	6 
178 	6 
179 	1 
180 	1 
181 	1 
182 	1 
183 	1 
184 	1 
185 	1 
186 	1 
187 	1 
188 	1 
189 	1 
190 	1 
191 	1 
192 	1 
193 	3 
194 	1 
195 	3 
196 	13 
197 	10 
198 	10 
199 	13 
200 	13 
201 	13 
202 	13 
203 	13 
204 	13 
205 	3 
206 	13 
207 	13 
208 	3 
209 	3 
210 	13 
211 	3 
212 	3 
213 	3 
