0 1.034895e-01 
1 1.421372e-01 
2 6.137215e-02 
3 6.830083e-02 
4 2.127020e-02 
5 5.781858e-02 
6 -1.981062e-02 
7 1.249976e-02 
8 3.178502e-02 
9 -2.932576e-02 
10 -1.421514e-02 
11 -8.238070e-02 
12 -8.593187e-02 
13 -1.013811e-01 
14 -7.019696e-02 
15 -3.435422e-02 
16 -1.448493e-02 
17 -8.212273e-02 
18 -5.601833e-02 
19 4.192945e-03 
20 -2.934871e-02 
21 -4.204885e-02 
22 -1.811223e-02 
23 2.693452e-02 
24 3.597550e-02 
25 1.124564e-01 
26 8.428991e-02 
27 -3.832514e-02 
28 -1.485760e-02 
29 -7.328579e-02 
30 -8.480058e-02 
31 -1.421986e-01 
32 -1.432796e-01 
33 -1.721948e-01 
34 -1.324561e-01 
35 -1.288288e-01 
36 -1.890365e-01 
37 -2.044154e-01 
38 -1.254096e-01 
39 -1.720902e-01 
40 -1.798616e-01 
41 -9.506463e-02 
42 -1.350409e-01 
43 -5.055021e-03 
44 3.956201e-03 
45 -4.593217e-02 
46 7.151906e-02 
47 1.187343e-01 
48 7.017632e-02 
49 9.676609e-02 
50 1.903611e-01 
51 1.748144e-01 
52 7.862823e-02 
53 1.549409e-01 
54 2.137359e-01 
55 1.140648e-01 
56 1.821673e-01 
57 2.615159e-02 
58 9.624536e-02 
59 1.363913e-01 
60 -8.138736e-03 
61 6.266077e-02 
62 8.778450e-02 
63 -3.747550e-02 
64 -3.512761e-02 
65 1.706153e-02 
66 -8.074458e-02 
67 -7.926773e-02 
68 -1.912073e-02 
69 -6.419882e-02 
70 -3.167633e-02 
71 -5.361151e-02 
72 -2.906478e-02 
73 -1.182713e-02 
74 6.779487e-02 
75 8.361951e-02 
76 1.458009e-01 
77 1.377245e-01 
78 1.377300e-01 
79 1.672763e-01 
80 1.326086e-01 
81 7.309905e-02 
82 7.356216e-02 
83 4.980409e-02 
84 4.233036e-02 
85 -6.515440e-02 
86 -2.396662e-02 
87 -5.392204e-02 
88 -5.216741e-02 
89 -7.342559e-02 
90 -7.663314e-02 
91 -6.637152e-02 
92 -8.792024e-02 
93 -5.768006e-02 
94 -6.297763e-02 
95 -2.867283e-02 
96 -2.128220e-02 
97 -2.245946e-02 
98 1.672037e-02 
99 2.354145e-02 
100 5.499850e-02 
101 5.374528e-02 
102 1.357588e-01 
103 1.226672e-01 
104 9.877472e-02 
105 6.087418e-02 
106 7.310039e-02 
107 1.115635e-02 
108 1.016676e-02 
109 8.701345e-03 
110 3.674188e-03 
111 2.134052e-02 
112 2.750600e-02 
113 1.512057e-02 
114 1.503353e-02 
115 4.594111e-03 
116 3.997329e-03 
117 6.795922e-03 
118 -1.637646e-02 
119 -1.095482e-02 
120 -3.683440e-03 
121 2.183703e-04 
122 1.038512e-02 
123 3.206818e-03 
124 -6.288829e-03 
125 -1.415593e-02 
126 -1.340382e-02 
127 -1.531261e-02 
128 -1.556137e-02 
129 -1.371374e-02 
130 -1.756748e-02 
131 -1.531335e-02 
132 -1.042148e-02 
133 -1.098851e-02 
134 -3.037319e-03 
135 -1.303171e-03 
136 -7.191882e-03 
137 -6.711925e-03 
138 1.224338e-02 
139 1.733537e-02 
140 2.268926e-02 
141 2.190340e-02 
142 1.562525e-02 
143 2.305122e-02 
144 1.915886e-02 
145 -3.423508e-04 
146 1.952963e-02 
147 3.627922e-03 
148 -9.201944e-03 
149 5.238602e-03 
150 -4.331430e-03 
151 1.238658e-03 
152 2.937194e-02 
153 -6.175054e-03 
154 -8.791030e-03 
155 -2.371388e-02 
156 -2.310620e-02 
157 -2.191209e-02 
158 -1.955357e-02 
159 -2.419871e-02 
160 -1.062246e-02 
161 -1.161948e-02 
162 -9.567453e-03 
163 -1.509225e-02 
164 -5.589480e-03 
165 8.795857e-03 
166 -2.803764e-03 
167 6.397637e-03 
168 2.239515e-02 
169 2.676913e-02 
170 2.723622e-02 
171 3.046293e-02 
172 3.282390e-02 
173 3.721941e-02 
174 3.473870e-02 
175 1.465106e-02 
176 2.095010e-02 
177 1.175288e-02 
178 2.918994e-02 
179 -2.804461e-02 
180 -4.579494e-02 
181 -2.584581e-02 
182 -1.995202e-02 
183 -6.402192e-02 
184 -5.756280e-02 
185 -5.028453e-02 
186 -6.711505e-02 
187 -7.982249e-02 
188 -6.007671e-02 
189 -6.351804e-02 
190 -5.198384e-02 
191 -2.136964e-02 
192 -3.255986e-02 
193 3.737207e-02 
194 -8.629453e-03 
195 2.700581e-02 
196 1.333145e-02 
197 9.490135e-03 
198 1.880311e-02 
199 1.233263e-03 
200 -1.632675e-02 
201 -1.515269e-02 
202 -2.748112e-02 
203 -1.256620e-02 
204 6.315110e-03 
205 -2.647001e-02 
206 -1.467183e-02 
207 2.231978e-03 
208 1.260156e-02 
209 -2.636747e-03 
210 -5.788140e-03 
211 3.342938e-02 
212 3.241075e-02 
213 9.149143e-03 
