0 7.705758e-03 
1 1.496232e-02 
2 -5.189905e-03 
3 3.068837e-03 
4 3.105291e-03 
5 -6.796882e-03 
6 -1.086970e-02 
7 -7.825050e-03 
8 2.485395e-02 
9 -3.107423e-02 
10 -3.109329e-02 
11 -1.298572e-02 
12 -4.178721e-03 
13 1.297111e-02 
14 -8.796480e-03 
15 -1.201030e-02 
16 3.288328e-02 
17 2.601489e-02 
18 -1.053165e-03 
19 6.014449e-03 
20 3.553775e-02 
21 1.069761e-02 
22 -3.784291e-03 
23 1.511842e-02 
24 2.714094e-02 
25 5.019693e-02 
26 6.123747e-02 
27 4.250045e-02 
28 6.427604e-02 
29 5.360388e-02 
30 7.799966e-02 
31 6.644420e-02 
32 6.738931e-02 
33 1.045752e-01 
34 9.847372e-02 
35 9.746580e-02 
36 1.052642e-01 
37 1.242552e-01 
38 1.205668e-01 
39 9.097763e-02 
40 1.110947e-01 
41 9.881276e-02 
42 1.195295e-01 
43 1.087234e-01 
44 1.243044e-01 
45 1.288547e-01 
46 1.181386e-01 
47 1.202077e-01 
48 9.554245e-02 
49 1.077958e-01 
50 1.154837e-01 
51 1.202209e-01 
52 9.762007e-02 
53 9.907938e-02 
54 1.084250e-01 
55 7.550666e-02 
56 1.001688e-01 
57 8.794656e-02 
58 1.015448e-01 
59 1.110103e-01 
60 8.685454e-02 
61 8.321214e-02 
62 1.012642e-01 
63 1.132273e-01 
64 8.637485e-02 
65 9.792519e-02 
66 1.109923e-01 
67 8.909730e-02 
68 7.391668e-02 
69 9.940894e-02 
70 1.182960e-01 
71 7.382191e-02 
72 6.306818e-02 
73 8.457154e-02 
74 7.865723e-02 
75 7.146995e-02 
76 6.769258e-02 
77 6.719544e-02 
78 5.997398e-02 
79 5.950747e-02 
80 4.225287e-02 
81 3.502583e-02 
82 4.249581e-02 
83 6.035074e-02 
84 6.829928e-02 
85 6.978133e-02 
86 6.373705e-02 
87 5.463748e-02 
88 5.778383e-02 
89 5.200734e-02 
90 5.659251e-02 
91 5.551739e-02 
92 5.939741e-02 
93 5.060283e-02 
94 5.481112e-02 
95 3.387703e-02 
96 -9.485899e-03 
97 3.815637e-02 
98 3.637951e-02 
99 2.207761e-02 
100 2.463898e-02 
101 2.838556e-03 
102 1.305216e-02 
103 4.574903e-04 
104 -1.897785e-02 
105 -9.996553e-03 
106 -2.740969e-02 
107 -4.516972e-02 
108 -2.846220e-02 
109 -5.213112e-02 
110 -5.087800e-02 
111 -6.385757e-02 
112 -6.065133e-02 
113 -5.519891e-02 
114 -6.649077e-02 
115 -3.758874e-02 
116 -5.486723e-02 
117 -7.132749e-02 
118 -3.300802e-02 
119 -5.512563e-02 
120 -6.051806e-02 
121 -6.494743e-02 
122 -2.629683e-02 
123 -7.264076e-02 
124 -6.760282e-02 
125 -1.202632e-01 
126 -1.058172e-01 
127 -1.045949e-01 
128 -1.256979e-01 
129 -8.916247e-02 
130 -1.149249e-01 
131 -1.138682e-01 
132 -9.597718e-02 
133 -9.736248e-02 
134 -8.897353e-02 
135 -8.897821e-02 
136 -9.068617e-02 
137 -7.785087e-02 
138 -9.121569e-02 
139 -9.610229e-02 
140 -8.698012e-02 
141 -9.359614e-02 
142 -9.265752e-02 
143 -1.030772e-01 
144 -9.851271e-02 
145 -1.222039e-01 
146 -8.817701e-02 
147 -8.231509e-02 
148 -1.181701e-01 
149 -7.947471e-02 
150 -1.037299e-01 
151 -9.037984e-02 
152 -5.587266e-02 
153 -8.606407e-02 
154 -6.991178e-02 
155 -8.032717e-02 
156 -7.642245e-02 
157 -7.321892e-02 
158 -6.638753e-02 
159 -8.517417e-02 
160 -6.683641e-02 
161 -6.274693e-02 
162 -6.889010e-02 
163 -6.279628e-02 
164 -6.308361e-02 
165 -6.016302e-02 
166 -6.222829e-02 
167 -3.827304e-02 
168 -6.088055e-02 
169 -6.238844e-02 
170 -3.768209e-02 
171 -5.201875e-02 
172 -5.650156e-02 
173 -5.526408e-02 
174 -3.843270e-02 
175 -4.259768e-02 
176 -3.030955e-02 
177 -1.924445e-02 
178 -2.449747e-02 
179 -2.962634e-02 
180 -5.596377e-03 
181 -1.430493e-02 
182 -4.199698e-02 
183 -2.247351e-02 
184 -1.528156e-02 
185 -2.536584e-02 
186 -1.871249e-02 
187 -1.960635e-02 
188 -1.791256e-02 
189 -1.743871e-02 
190 -2.052188e-02 
191 -1.961391e-02 
192 -2.783473e-02 
193 -3.035920e-02 
194 -4.273085e-02 
195 -3.118850e-02 
196 -4.309241e-02 
197 -3.616793e-02 
198 -5.020172e-02 
199 -4.303988e-02 
200 -2.721966e-02 
201 -2.002599e-02 
202 -1.819565e-02 
203 -3.112287e-02 
204 -3.343951e-02 
205 -1.629164e-02 
206 -2.006995e-02 
207 -3.814097e-02 
208 -2.115880e-02 
209 -1.378386e-02 
210 -2.711510e-02 
211 -2.930408e-02 
212 -1.266312e-02 
213 -1.359539e-02 
