0 6.653999e-02 
1 8.282919e-02 
2 4.503008e-02 
3 4.467331e-02 
4 2.313018e-02 
5 4.476233e-02 
6 7.146885e-03 
7 6.327977e-03 
8 5.309472e-03 
9 -7.431973e-03 
10 1.085537e-02 
11 -2.862451e-02 
12 -2.386165e-02 
13 -4.469695e-02 
14 -4.202048e-02 
15 -4.059506e-02 
16 -1.165159e-02 
17 -6.960948e-02 
18 -9.120787e-02 
19 1.278695e-02 
20 -5.734114e-02 
21 -9.276551e-02 
22 -9.462036e-02 
23 -5.267698e-02 
24 -3.567924e-02 
25 1.488587e-02 
26 -6.817588e-03 
27 -3.893715e-02 
28 -2.871019e-02 
29 -7.798612e-03 
30 -3.750026e-02 
31 2.803351e-02 
32 1.214254e-02 
33 -7.184888e-04 
34 -2.134079e-02 
35 4.773374e-02 
36 6.817184e-02 
37 7.459355e-02 
38 1.331854e-01 
39 1.366319e-01 
40 1.738506e-01 
41 1.744443e-01 
42 1.738018e-01 
43 8.069645e-02 
44 3.042626e-02 
45 1.634026e-01 
46 1.180687e-01 
47 2.081775e-02 
48 6.398434e-02 
49 1.099913e-01 
50 5.030727e-02 
51 -5.896154e-02 
52 -2.193698e-02 
53 5.936401e-02 
54 -1.110359e-02 
55 -7.178338e-02 
56 -9.660176e-02 
57 -7.472452e-02 
58 -1.885882e-01 
59 -1.846146e-01 
60 -8.500327e-02 
61 -1.663050e-01 
62 -1.923673e-01 
63 -1.830509e-01 
64 -1.075153e-01 
65 -2.040689e-01 
66 -9.376210e-02 
67 -1.405419e-01 
68 -2.258512e-01 
69 -1.253996e-01 
70 -9.938157e-02 
71 -1.423116e-01 
72 -1.790537e-01 
73 -1.130723e-01 
74 1.954211e-02 
75 1.200478e-02 
76 7.593244e-02 
77 8.754484e-02 
78 8.624119e-02 
79 1.062568e-01 
80 1.195038e-01 
81 8.574571e-02 
82 1.343804e-01 
83 9.778537e-02 
84 1.393167e-01 
85 9.799080e-02 
86 1.300930e-01 
87 1.210325e-01 
88 9.609766e-02 
89 9.770066e-02 
90 6.471167e-02 
91 7.565552e-02 
92 5.669801e-02 
93 2.655230e-02 
94 -2.854154e-02 
95 2.089281e-02 
96 -1.409882e-02 
97 -1.175814e-01 
98 -1.351822e-01 
99 -7.214082e-02 
100 -6.433689e-02 
101 -3.528810e-03 
102 6.880409e-02 
103 6.827331e-02 
104 6.119265e-02 
105 4.478687e-02 
106 5.989374e-02 
107 3.469475e-02 
108 2.327318e-02 
109 3.562970e-02 
110 1.660020e-02 
111 7.618819e-03 
112 -1.981422e-02 
113 -1.987780e-02 
114 -9.398541e-03 
115 3.983729e-03 
116 -2.375601e-02 
117 -3.900502e-02 
118 -3.691005e-03 
119 -8.904501e-03 
120 -2.445566e-02 
121 -2.041281e-02 
122 1.848819e-02 
123 1.585317e-02 
124 4.951156e-03 
125 -1.906322e-03 
126 7.732785e-03 
127 -9.958954e-03 
128 -5.280966e-03 
129 -1.518304e-02 
130 -1.543608e-02 
131 -2.009890e-02 
132 -1.690922e-02 
133 -2.454518e-02 
134 -1.184037e-02 
135 -2.240914e-02 
136 -2.056798e-02 
137 -1.328607e-02 
138 1.594420e-03 
139 2.726149e-03 
140 1.402555e-02 
141 7.466418e-03 
142 4.404078e-03 
143 1.073431e-02 
144 1.050568e-02 
145 4.398368e-03 
146 9.172106e-03 
147 -1.126122e-03 
148 2.952815e-03 
149 4.589609e-03 
150 2.166347e-02 
151 2.818241e-02 
152 4.095026e-02 
153 3.586410e-02 
154 3.149379e-02 
155 3.194530e-02 
156 2.495949e-02 
157 2.447634e-02 
158 1.361460e-02 
159 9.869012e-03 
160 -1.675021e-02 
161 -7.664378e-03 
162 -3.429179e-03 
163 -9.465837e-03 
164 -2.709147e-02 
165 -1.724271e-02 
166 3.873296e-03 
167 -7.455146e-03 
168 -3.093929e-02 
169 -2.353908e-02 
170 3.614579e-04 
171 -2.306722e-02 
172 -2.913772e-02 
173 -2.307921e-02 
174 -1.869395e-03 
175 -1.205253e-02 
176 4.224481e-03 
177 1.968929e-02 
178 2.120631e-02 
179 -1.061689e-02 
180 8.233174e-03 
181 -2.443068e-03 
182 -5.680441e-04 
183 -2.845659e-02 
184 -2.930186e-02 
185 -1.818932e-02 
186 -3.707887e-02 
187 -4.499202e-02 
188 -3.827597e-02 
189 -3.980197e-02 
190 -2.607633e-02 
191 -7.126630e-03 
192 -2.160008e-03 
193 3.476160e-02 
194 2.510218e-02 
195 4.378318e-02 
196 5.394619e-02 
197 3.651711e-02 
198 4.751903e-02 
199 4.445117e-02 
200 5.879205e-03 
201 -6.280410e-03 
202 -2.750773e-02 
203 1.519054e-02 
204 3.474673e-02 
205 -6.710151e-02 
206 -2.935669e-02 
207 3.438814e-02 
208 4.048275e-03 
209 -6.292635e-02 
210 -4.276623e-03 
211 2.778421e-02 
212 7.477250e-03 
213 -2.128275e-02 
