0 -4.904074e-02 
1 -5.533532e-02 
2 4.316390e-02 
3 1.787026e-02 
4 1.050493e-01 
5 1.841871e-02 
6 1.048070e-02 
7 -9.494374e-02 
8 -8.866645e-02 
9 -6.902867e-02 
10 1.082811e-03 
11 -1.636940e-02 
12 -8.098989e-03 
13 3.507872e-02 
14 -2.483011e-02 
15 1.720613e-02 
16 1.274484e-01 
17 5.746087e-02 
18 -6.731935e-02 
19 3.855485e-02 
20 8.050958e-02 
21 -2.242832e-02 
22 -1.218935e-01 
23 -4.572600e-02 
24 1.076595e-02 
25 1.914326e-03 
26 4.116609e-02 
27 1.189688e-01 
28 4.408418e-02 
29 6.411251e-02 
30 9.536371e-03 
31 1.706222e-02 
32 3.218476e-02 
33 6.504118e-03 
34 -3.830115e-02 
35 -1.874777e-02 
36 -8.088725e-03 
37 -3.725876e-02 
38 -5.232223e-02 
39 -4.630237e-02 
40 -5.122141e-02 
41 -3.079453e-02 
42 -4.589717e-02 
43 2.298887e-02 
44 -7.679924e-03 
45 -1.999884e-02 
46 4.834254e-02 
47 6.764125e-02 
48 -6.505756e-03 
49 4.301855e-02 
50 9.112484e-02 
51 1.647884e-02 
52 -3.200454e-02 
53 6.600661e-02 
54 6.101715e-02 
55 -1.536618e-02 
56 -9.542313e-03 
57 -2.906208e-02 
58 -3.534012e-02 
59 -3.516878e-02 
60 -1.076767e-02 
61 -4.093361e-02 
62 -3.159587e-02 
63 -3.065861e-02 
64 -1.793521e-02 
65 -8.401892e-03 
66 2.014479e-02 
67 5.419413e-03 
68 2.527574e-02 
69 3.884061e-02 
70 6.091527e-02 
71 4.284673e-02 
72 4.183935e-02 
73 5.618547e-02 
74 1.065758e-02 
75 6.813253e-03 
76 -3.250656e-02 
77 -3.526303e-02 
78 -3.460583e-02 
79 -5.496583e-02 
80 -6.963877e-02 
81 -1.582063e-02 
82 -6.133919e-02 
83 -6.313611e-02 
84 -5.324333e-02 
85 -8.456733e-03 
86 -1.551857e-02 
87 2.124544e-04 
88 1.029871e-02 
89 4.483369e-02 
90 4.269647e-02 
91 2.946176e-02 
92 4.313227e-02 
93 4.560280e-02 
94 2.948905e-02 
95 1.375200e-02 
96 -2.532350e-03 
97 1.005035e-02 
98 -9.787987e-03 
99 -2.524249e-02 
100 -5.095451e-02 
101 -6.884817e-02 
102 -6.764479e-02 
103 -4.198773e-02 
104 3.326275e-02 
105 2.091093e-02 
106 9.744567e-02 
107 1.051525e-01 
108 1.101655e-01 
109 1.192518e-01 
110 -8.754122e-04 
111 -4.973261e-02 
112 -1.396250e-01 
113 -9.691925e-02 
114 -6.431614e-02 
115 -8.664161e-02 
116 -1.125058e-01 
117 -5.568942e-02 
118 -1.397364e-02 
119 -1.050196e-01 
120 -6.723191e-02 
121 -3.047177e-02 
122 -1.036993e-01 
123 -9.824377e-02 
124 -4.879285e-02 
125 -4.039509e-02 
126 -4.187373e-02 
127 2.134793e-02 
128 -1.703351e-02 
129 1.402143e-01 
130 2.538410e-02 
131 1.706783e-01 
132 1.733073e-01 
133 2.027550e-01 
134 1.268457e-01 
135 1.491630e-01 
136 2.316037e-01 
137 1.296110e-01 
138 1.938349e-02 
139 5.122454e-02 
140 -4.136011e-03 
141 -2.606541e-02 
142 -1.240543e-02 
143 -5.515124e-02 
144 -5.996664e-02 
145 -1.063663e-01 
146 -5.751316e-02 
147 -8.879425e-02 
148 -1.023187e-01 
149 -6.937857e-02 
150 -1.543053e-01 
151 -1.563265e-01 
152 -1.010536e-01 
153 -1.327817e-01 
154 -8.046107e-02 
155 1.922220e-02 
156 5.372391e-03 
157 3.978328e-02 
158 6.211022e-02 
159 6.447741e-02 
160 9.597788e-03 
161 6.400405e-02 
162 8.461399e-02 
163 6.562739e-03 
164 5.001504e-03 
165 6.421261e-02 
166 4.308427e-02 
167 -4.341126e-02 
168 -9.405424e-04 
169 3.489228e-02 
170 -5.045884e-02 
171 -8.273911e-02 
172 -1.768980e-02 
173 -4.159711e-03 
174 -7.323618e-03 
175 1.044108e-02 
176 1.395065e-02 
177 3.454628e-03 
178 3.289031e-02 
179 2.435444e-02 
180 6.185998e-03 
181 7.917359e-03 
182 9.065123e-02 
183 -1.412667e-02 
184 -1.686249e-03 
185 1.430937e-02 
186 -6.398025e-02 
187 -7.716570e-02 
188 -7.958400e-02 
189 -7.898554e-02 
190 -3.869484e-02 
191 -1.114968e-02 
192 4.396372e-02 
193 1.012663e-01 
194 1.547194e-01 
195 1.422578e-01 
196 1.471137e-01 
197 1.178016e-01 
198 1.037347e-01 
199 1.927958e-02 
200 -9.265594e-02 
201 -8.561780e-02 
202 -1.111738e-01 
203 -7.604885e-02 
204 6.849345e-02 
205 -1.061650e-01 
206 -1.055029e-01 
207 1.941002e-02 
208 6.721816e-02 
209 -1.055022e-01 
210 -1.539032e-02 
211 7.663879e-02 
212 -6.527647e-03 
213 -4.547933e-02 
