0 -5.986854e-02 
1 -1.026698e-01 
2 3.216854e-02 
3 -5.995050e-02 
4 -6.748644e-03 
5 -5.216757e-02 
6 -4.529107e-03 
7 -2.726123e-02 
8 -6.412417e-02 
9 -2.087215e-02 
10 2.716248e-02 
11 2.278553e-03 
12 -1.286821e-02 
13 -4.169822e-02 
14 2.944393e-02 
15 1.483871e-01 
16 -1.461207e-01 
17 -9.141716e-02 
18 7.181987e-02 
19 1.016548e-01 
20 -1.205729e-01 
21 2.876728e-02 
22 2.020428e-01 
23 1.063161e-01 
24 -1.640265e-02 
25 -5.006805e-02 
26 -3.798636e-02 
27 -1.617147e-01 
28 -6.599948e-03 
29 -1.601617e-01 
30 -5.726573e-02 
31 -8.244178e-02 
32 -1.182975e-01 
33 -2.432085e-02 
34 -6.346534e-02 
35 -8.670333e-02 
36 -1.573174e-02 
37 -1.866628e-03 
38 -1.311109e-02 
39 6.289221e-03 
40 2.108381e-02 
41 2.695449e-02 
42 3.270281e-02 
43 5.264686e-02 
44 2.952919e-02 
45 3.162155e-02 
46 4.798586e-02 
47 3.996853e-02 
48 -2.277320e-02 
49 9.756242e-03 
50 2.984904e-02 
51 -1.142037e-02 
52 -3.595499e-02 
53 1.156133e-02 
54 3.601138e-03 
55 -2.261235e-02 
56 -3.439889e-02 
57 -3.204131e-02 
58 -2.150778e-02 
59 -3.030667e-02 
60 2.716855e-02 
61 -2.796354e-02 
62 -1.805160e-02 
63 -2.129361e-02 
64 1.007838e-03 
65 3.198051e-03 
66 2.083706e-02 
67 -1.148538e-02 
68 7.780467e-03 
69 6.377865e-02 
70 9.596079e-02 
71 2.640810e-02 
72 4.419726e-02 
73 9.541997e-02 
74 7.113220e-02 
75 7.938699e-02 
76 6.134636e-02 
77 4.832884e-02 
78 3.793150e-02 
79 4.992949e-03 
80 -9.999546e-02 
81 -1.034461e-01 
82 -9.169536e-02 
83 -8.759023e-02 
84 -2.958169e-02 
85 2.051799e-02 
86 2.683186e-02 
87 3.950997e-02 
88 5.687460e-02 
89 1.093331e-01 
90 9.742228e-02 
91 7.969495e-02 
92 7.572471e-02 
93 6.517998e-02 
94 4.519335e-02 
95 6.262929e-03 
96 -2.162998e-02 
97 -2.465029e-02 
98 -6.155530e-02 
99 -8.330329e-02 
100 -1.139070e-01 
101 -1.017776e-01 
102 -1.232257e-01 
103 -6.403468e-02 
104 1.084560e-01 
105 -3.030121e-02 
106 1.793300e-01 
107 2.792431e-02 
108 1.278896e-01 
109 3.046562e-02 
110 7.172112e-02 
111 7.421550e-03 
112 1.548905e-02 
113 1.697770e-02 
114 3.019961e-02 
115 3.444128e-02 
116 1.135823e-02 
117 1.934323e-02 
118 5.493978e-02 
119 -7.593725e-03 
120 -1.366414e-04 
121 -9.198511e-03 
122 -2.957278e-02 
123 -9.423107e-03 
124 -1.507007e-03 
125 2.068422e-03 
126 1.457697e-02 
127 -4.409353e-03 
128 6.217530e-03 
129 -2.500856e-02 
130 -1.525333e-02 
131 -3.260004e-02 
132 -3.060210e-02 
133 -4.048592e-02 
134 -3.393897e-02 
135 -2.616868e-02 
136 -4.334779e-02 
137 -2.753618e-02 
138 -1.498111e-02 
139 -1.315253e-02 
140 5.949852e-03 
141 3.782664e-03 
142 -7.626015e-03 
143 4.205851e-03 
144 9.297854e-03 
145 1.836531e-02 
146 1.172052e-02 
147 3.427337e-02 
148 2.388870e-02 
149 2.804903e-03 
150 4.325619e-02 
151 4.799445e-02 
152 6.899049e-02 
153 3.663545e-02 
154 1.256954e-02 
155 -2.355318e-02 
156 -1.579087e-02 
157 -2.765473e-02 
158 -2.727967e-02 
159 -2.546459e-02 
160 -9.536927e-03 
161 -1.466454e-02 
162 -1.813764e-02 
163 -5.253315e-04 
164 6.834157e-04 
165 1.337708e-02 
166 -1.829244e-02 
167 1.553683e-03 
168 1.669154e-02 
169 1.134473e-03 
170 -2.967025e-04 
171 1.157715e-02 
172 1.282196e-02 
173 -9.659421e-04 
174 -1.374556e-02 
175 3.288944e-03 
176 -1.572400e-02 
177 -2.860228e-02 
178 -2.605309e-02 
179 -7.597134e-03 
180 -8.705095e-03 
181 -1.560670e-02 
182 1.488100e-02 
183 -2.121118e-02 
184 -2.476118e-02 
185 -6.051913e-03 
186 -1.486868e-02 
187 -2.593551e-02 
188 -3.478149e-02 
189 -5.524034e-03 
190 2.266689e-03 
191 -2.623129e-02 
192 1.155813e-02 
193 1.532471e-01 
194 4.087689e-02 
195 8.551835e-02 
196 -8.740458e-02 
197 4.369554e-02 
198 -8.027014e-02 
199 -2.247875e-01 
200 -2.012810e-01 
201 -1.089315e-01 
202 -1.027657e-01 
203 -2.227695e-01 
204 -7.793038e-02 
205 1.629189e-01 
206 8.900627e-03 
207 -1.386986e-01 
208 2.050597e-01 
209 2.352090e-01 
210 4.410862e-02 
211 1.660060e-01 
212 1.542914e-01 
213 1.270278e-01 
