0 -9.961431e-03 
1 -2.361255e-03 
2 7.985391e-03 
3 4.781992e-03 
4 3.623479e-02 
5 5.661593e-02 
6 9.820035e-02 
7 1.225953e-01 
8 9.668205e-02 
9 1.003458e-01 
10 1.615352e-01 
11 1.308575e-01 
12 1.060863e-01 
13 5.432303e-02 
14 5.593136e-02 
15 -1.651045e-02 
16 1.351001e-02 
17 -3.371954e-03 
18 -6.867913e-02 
19 -1.886818e-02 
20 -1.530063e-02 
21 -5.290086e-02 
22 -1.073972e-01 
23 -6.147702e-02 
24 -2.513545e-02 
25 -1.026887e-02 
26 1.301060e-03 
27 8.911852e-03 
28 1.756639e-02 
29 2.526379e-02 
30 1.529988e-02 
31 3.390010e-02 
32 1.888927e-02 
33 1.577354e-02 
34 1.914358e-02 
35 1.790636e-02 
36 1.226356e-02 
37 -2.734398e-03 
38 -1.475442e-02 
39 -1.020418e-02 
40 -1.971112e-02 
41 -2.771796e-02 
42 -2.977694e-02 
43 -3.320424e-02 
44 -3.576903e-02 
45 -3.828693e-02 
46 -4.551848e-02 
47 -4.154584e-02 
48 -9.572215e-03 
49 -3.431597e-02 
50 -4.608639e-02 
51 -3.368883e-02 
52 -3.749126e-03 
53 -3.458979e-02 
54 -3.804839e-02 
55 -1.413063e-02 
56 -1.606415e-02 
57 -1.260732e-02 
58 -2.026035e-02 
59 -2.159023e-02 
60 -4.761196e-03 
61 -1.190562e-02 
62 -2.142602e-02 
63 -2.235036e-03 
64 1.531624e-03 
65 -1.042997e-02 
66 -7.924840e-04 
67 9.131146e-03 
68 8.769226e-04 
69 7.038549e-03 
70 3.725090e-02 
71 1.597270e-02 
72 2.366017e-02 
73 2.974926e-02 
74 3.397498e-02 
75 3.457053e-02 
76 3.640120e-02 
77 3.395973e-02 
78 3.000549e-02 
79 2.757407e-02 
80 1.046311e-02 
81 8.045910e-03 
82 1.263011e-02 
83 2.100914e-02 
84 2.301483e-02 
85 1.255214e-02 
86 1.121213e-02 
87 1.245311e-02 
88 5.691047e-03 
89 9.527660e-04 
90 6.099655e-04 
91 3.055321e-03 
92 3.135265e-03 
93 -8.757157e-03 
94 -3.177308e-03 
95 -3.707956e-03 
96 -2.696161e-02 
97 -1.465452e-02 
98 -1.257367e-02 
99 -1.559323e-02 
100 -1.744656e-02 
101 -3.141284e-02 
102 -1.720078e-02 
103 -2.200728e-02 
104 -4.566960e-02 
105 1.253612e-03 
106 -4.079578e-02 
107 5.738281e-02 
108 8.458367e-02 
109 1.079759e-01 
110 2.467589e-01 
111 2.170011e-01 
112 1.899635e-01 
113 1.897236e-01 
114 2.747500e-01 
115 1.974839e-01 
116 1.262169e-01 
117 2.258063e-01 
118 1.705368e-01 
119 9.962861e-02 
120 9.285965e-02 
121 1.089091e-01 
122 5.286445e-02 
123 1.988445e-02 
124 6.864066e-04 
125 -1.511312e-02 
126 -3.775549e-02 
127 -5.832892e-03 
128 -2.445393e-02 
129 3.874252e-03 
130 2.085942e-02 
131 1.211613e-02 
132 6.288132e-03 
133 3.541278e-02 
134 1.267081e-02 
135 5.036586e-02 
136 1.488119e-02 
137 2.875346e-03 
138 -3.387014e-02 
139 -2.877513e-02 
140 -1.992191e-02 
141 -3.161779e-02 
142 -3.623595e-02 
143 -4.435590e-02 
144 -3.856649e-02 
145 -4.127265e-02 
146 -3.606545e-02 
147 -3.116146e-02 
148 -3.728384e-02 
149 -4.128748e-02 
150 -5.432098e-02 
151 -6.387452e-02 
152 -4.911372e-02 
153 -9.386050e-02 
154 -9.643646e-02 
155 -1.618391e-01 
156 -1.455758e-01 
157 -1.334842e-01 
158 -1.353212e-01 
159 -1.605571e-01 
160 -5.062640e-02 
161 -9.724948e-02 
162 -1.197754e-01 
163 -5.207753e-02 
164 -2.713712e-02 
165 -6.327926e-02 
166 -9.250064e-02 
167 3.564664e-02 
168 1.576636e-02 
169 -3.720866e-02 
170 1.941654e-02 
171 8.307520e-02 
172 1.704118e-02 
173 1.076340e-02 
174 2.730527e-02 
175 3.614570e-02 
176 3.520519e-02 
177 1.152987e-02 
178 2.852978e-02 
179 -4.291288e-03 
180 -6.256951e-03 
181 2.051524e-04 
182 8.150820e-03 
183 -3.508844e-02 
184 -3.530459e-02 
185 -2.891721e-02 
186 -5.536703e-02 
187 -5.877365e-02 
188 -5.790192e-02 
189 -5.996921e-02 
190 -5.415168e-02 
191 -4.387460e-02 
192 -2.772031e-02 
193 -6.345659e-02 
194 2.267144e-02 
195 -1.903497e-02 
196 4.588920e-02 
197 9.902522e-02 
198 1.014775e-01 
199 -7.875241e-02 
200 -9.233007e-02 
201 -7.242971e-02 
202 -9.123510e-02 
203 -1.063607e-01 
204 -3.567171e-02 
205 -1.065530e-01 
206 -1.069758e-01 
207 -9.647293e-02 
208 -4.523061e-02 
209 -1.179039e-01 
210 -8.561588e-02 
211 -8.659543e-02 
212 -6.623502e-02 
213 -5.958584e-02 
