0 3.735741e-02 
1 5.832570e-02 
2 3.810011e-02 
3 1.229411e-02 
4 2.894455e-02 
5 2.192673e-02 
6 -1.150076e-01 
7 -4.294637e-03 
8 -2.326052e-02 
9 -1.447437e-01 
10 -5.341916e-02 
11 -2.201833e-01 
12 -1.955793e-01 
13 -1.117920e-01 
14 -1.688820e-01 
15 -6.005408e-02 
16 9.214244e-02 
17 1.310227e-02 
18 -7.592898e-02 
19 1.812518e-02 
20 7.860682e-02 
21 2.284963e-03 
22 -1.565196e-02 
23 4.443459e-02 
24 5.624271e-02 
25 7.032425e-02 
26 4.370095e-02 
27 8.702500e-02 
28 1.195259e-02 
29 9.324186e-02 
30 7.315306e-02 
31 2.636039e-02 
32 8.591658e-02 
33 8.018227e-02 
34 1.101895e-01 
35 5.998749e-02 
36 5.806816e-02 
37 6.936565e-02 
38 3.132144e-02 
39 4.380416e-02 
40 3.321363e-02 
41 -1.972541e-02 
42 8.293207e-03 
43 -6.208943e-02 
44 9.599403e-03 
45 -3.818944e-02 
46 -1.127002e-01 
47 -9.490288e-02 
48 -6.429432e-02 
49 -1.214079e-01 
50 -1.508487e-01 
51 -1.918962e-02 
52 1.595350e-02 
53 -1.363515e-01 
54 -9.620032e-02 
55 4.029335e-02 
56 1.523483e-02 
57 8.715132e-02 
58 1.139157e-01 
59 1.186292e-01 
60 8.626844e-02 
61 1.334940e-01 
62 1.265290e-01 
63 1.622808e-01 
64 9.858448e-02 
65 9.585497e-02 
66 4.790096e-02 
67 7.061070e-02 
68 -6.192576e-02 
69 -3.578036e-02 
70 -7.778675e-02 
71 -1.148855e-02 
72 -8.311568e-02 
73 -9.355170e-02 
74 -8.899694e-02 
75 -1.029031e-01 
76 -1.072000e-01 
77 -8.954901e-02 
78 -7.771432e-02 
79 -5.348016e-02 
80 5.402986e-02 
81 7.156655e-02 
82 6.146244e-02 
83 7.592749e-02 
84 1.871708e-02 
85 1.460536e-02 
86 1.690021e-02 
87 6.930756e-04 
88 -8.259207e-03 
89 -4.347902e-02 
90 -4.443273e-02 
91 -2.752694e-02 
92 -4.856306e-02 
93 -1.108661e-01 
94 -5.327459e-02 
95 -7.066051e-02 
96 -1.025209e-01 
97 -1.372761e-01 
98 -1.373233e-01 
99 -1.228541e-01 
100 -8.600199e-02 
101 -3.019412e-02 
102 3.936775e-02 
103 6.651391e-02 
104 1.282795e-01 
105 3.555408e-02 
106 1.427644e-01 
107 7.194569e-02 
108 3.984658e-02 
109 8.525297e-02 
110 2.319073e-02 
111 1.085315e-01 
112 5.479982e-02 
113 5.895469e-02 
114 7.900131e-02 
115 -3.354856e-02 
116 -2.249932e-02 
117 3.038395e-02 
118 -4.260457e-02 
119 -9.943601e-02 
120 -3.084153e-02 
121 -9.296616e-03 
122 -4.144191e-02 
123 -1.059799e-02 
124 1.323229e-02 
125 3.056971e-03 
126 4.054464e-02 
127 -6.027580e-03 
128 5.723724e-03 
129 -2.716991e-02 
130 -5.618215e-02 
131 -3.306793e-02 
132 -3.090625e-02 
133 -4.146595e-02 
134 -4.176771e-02 
135 -2.115121e-02 
136 -4.432569e-02 
137 -3.667006e-02 
138 -2.434400e-02 
139 -4.559626e-03 
140 2.627941e-02 
141 1.664536e-02 
142 -7.310217e-03 
143 1.470122e-02 
144 2.365424e-02 
145 1.808083e-02 
146 2.247980e-02 
147 2.047784e-02 
148 2.391674e-02 
149 -1.048577e-02 
150 7.255480e-02 
151 8.622600e-02 
152 9.773380e-02 
153 9.245133e-02 
154 5.899254e-02 
155 4.436658e-02 
156 2.697006e-02 
157 3.122721e-02 
158 1.466326e-03 
159 -2.004465e-02 
160 -4.604055e-02 
161 -3.598069e-02 
162 -3.705024e-02 
163 -5.731377e-02 
164 -4.109991e-02 
165 -3.331347e-02 
166 -6.347599e-03 
167 -9.392098e-03 
168 -2.041944e-02 
169 -3.555866e-02 
170 8.735886e-03 
171 1.074896e-02 
172 -2.035782e-02 
173 -2.596086e-02 
174 -4.625921e-03 
175 1.122981e-03 
176 -7.123701e-03 
177 2.938662e-03 
178 1.497488e-02 
179 -1.681879e-02 
180 -3.900105e-02 
181 -4.336078e-02 
182 2.264692e-02 
183 -3.801623e-02 
184 -6.169499e-02 
185 3.844381e-03 
186 -2.580942e-02 
187 -3.595637e-02 
188 -2.533313e-02 
189 -2.052758e-02 
190 -2.253332e-03 
191 -3.261948e-03 
192 2.211546e-02 
193 1.168561e-01 
194 8.393711e-02 
195 9.546367e-02 
196 8.052515e-02 
197 4.609171e-02 
198 9.814050e-02 
199 -3.392215e-02 
200 -1.153270e-01 
201 -1.050887e-01 
202 -1.145542e-01 
203 -1.021744e-01 
204 9.908194e-03 
205 -6.542192e-02 
206 -6.017135e-02 
207 -2.004915e-02 
208 4.573583e-02 
209 9.944844e-03 
210 8.871675e-03 
211 9.748751e-02 
212 5.833330e-02 
213 3.044150e-02 
