0 1.645448e-02 
1 1.698436e-02 
2 3.001519e-04 
3 -4.140875e-03 
4 -8.558239e-04 
5 2.344263e-02 
6 -3.600635e-03 
7 3.720114e-03 
8 -4.858300e-03 
9 -8.678699e-03 
10 4.470227e-03 
11 -1.455164e-02 
12 -1.331569e-02 
13 -4.288019e-03 
14 -1.987643e-02 
15 -2.341458e-02 
16 3.081170e-02 
17 2.470956e-02 
18 -1.285252e-02 
19 -3.145047e-02 
20 4.565816e-02 
21 2.039084e-02 
22 5.602478e-03 
23 3.833644e-02 
24 5.676786e-02 
25 9.236100e-02 
26 1.132347e-01 
27 5.416502e-02 
28 9.393560e-02 
29 1.749132e-02 
30 6.970150e-03 
31 -4.127868e-02 
32 3.761690e-02 
33 9.401251e-02 
34 1.530641e-02 
35 2.730168e-02 
36 1.133625e-01 
37 9.649239e-02 
38 6.902827e-02 
39 8.864853e-02 
40 1.029556e-01 
41 7.587324e-02 
42 9.118788e-02 
43 5.901714e-02 
44 3.903771e-02 
45 7.133746e-02 
46 4.796630e-02 
47 2.399726e-02 
48 1.373301e-02 
49 2.436772e-02 
50 1.098785e-02 
51 -2.303041e-02 
52 -2.392112e-02 
53 -7.543133e-03 
54 -1.514399e-02 
55 -5.385429e-02 
56 -4.291023e-02 
57 -2.037638e-02 
58 -6.351566e-02 
59 -7.779693e-02 
60 -1.539142e-01 
61 -6.591045e-02 
62 -5.330054e-02 
63 -7.006371e-02 
64 -1.301636e-01 
65 -4.735376e-02 
66 4.603262e-02 
67 -1.969926e-02 
68 -1.712309e-02 
69 6.792280e-02 
70 1.554507e-01 
71 4.278426e-02 
72 3.620566e-02 
73 1.085627e-01 
74 1.308277e-01 
75 1.223937e-01 
76 1.148677e-01 
77 9.039483e-02 
78 8.697576e-02 
79 8.347734e-02 
80 2.416821e-03 
81 -1.169712e-02 
82 -6.780307e-02 
83 -8.381698e-02 
84 -8.973361e-02 
85 -2.000725e-01 
86 -1.937454e-01 
87 -1.779733e-01 
88 -2.063524e-01 
89 -2.177854e-01 
90 -2.192964e-01 
91 -2.107057e-01 
92 -2.109373e-01 
93 -1.795974e-01 
94 -1.595228e-01 
95 -1.323015e-01 
96 -4.269421e-02 
97 -7.661670e-02 
98 -4.827047e-02 
99 -5.198955e-02 
100 -3.031041e-02 
101 1.994448e-02 
102 -3.824315e-03 
103 1.232670e-02 
104 6.748599e-03 
105 2.069732e-02 
106 -2.247665e-04 
107 6.645600e-02 
108 -2.657679e-02 
109 2.693314e-02 
110 -2.651240e-02 
111 -3.191835e-02 
112 -6.241510e-03 
113 -2.469852e-02 
114 -3.921284e-02 
115 -1.861601e-02 
116 -2.119323e-02 
117 -2.862905e-02 
118 -2.563893e-02 
119 -2.104023e-02 
120 -1.828630e-02 
121 -1.748495e-02 
122 -1.711355e-02 
123 -1.442010e-02 
124 -8.762902e-03 
125 4.888557e-03 
126 1.255106e-03 
127 4.438423e-03 
128 9.122325e-03 
129 4.667263e-03 
130 3.381091e-03 
131 4.074604e-03 
132 6.403859e-03 
133 1.131039e-03 
134 2.999021e-03 
135 1.112341e-03 
136 6.010545e-03 
137 5.215695e-03 
138 1.067207e-02 
139 1.906499e-02 
140 2.253139e-02 
141 2.074608e-02 
142 1.587798e-02 
143 2.201540e-02 
144 1.802475e-02 
145 1.563232e-02 
146 2.061430e-02 
147 1.515030e-02 
148 1.104041e-02 
149 5.347642e-03 
150 9.684005e-03 
151 4.227558e-04 
152 -4.577618e-03 
153 -1.666727e-02 
154 -2.751017e-02 
155 -4.981695e-02 
156 -4.678282e-02 
157 -4.903124e-02 
158 -4.200679e-02 
159 -5.194533e-02 
160 -3.088134e-02 
161 -3.182971e-02 
162 -3.040580e-02 
163 -3.154809e-02 
164 -2.225422e-02 
165 -3.557536e-03 
166 -2.048030e-02 
167 6.851478e-03 
168 3.161157e-02 
169 2.118554e-02 
170 2.244559e-02 
171 3.326856e-02 
172 4.425888e-02 
173 4.737484e-02 
174 5.972307e-02 
175 7.399662e-02 
176 6.248610e-02 
177 5.360564e-02 
178 6.331304e-02 
179 8.795663e-02 
180 5.266072e-03 
181 3.411905e-02 
182 9.439624e-02 
183 1.043157e-01 
184 6.847242e-02 
185 1.075530e-01 
186 1.066551e-01 
187 1.260567e-01 
188 1.188581e-01 
189 1.116682e-01 
190 1.110331e-01 
191 9.849282e-02 
192 1.021771e-01 
193 3.507457e-02 
194 7.254200e-02 
195 -2.467995e-02 
196 -4.040866e-02 
197 -4.091370e-02 
198 -5.373674e-02 
199 -7.659866e-02 
200 -6.518914e-02 
201 -4.891509e-02 
202 -4.805808e-02 
203 -7.023029e-02 
204 -5.451120e-02 
205 -2.873387e-02 
206 -3.018525e-02 
207 -6.047827e-02 
208 -2.507716e-02 
209 3.623419e-03 
210 5.488692e-03 
211 -8.361548e-03 
212 -3.083844e-04 
213 6.861478e-03 
