0 -7.029018e-02 
1 -1.072583e-01 
2 -9.575851e-02 
3 -1.108751e-01 
4 -5.717066e-02 
5 -8.839631e-02 
6 -3.649316e-02 
7 -3.658181e-02 
8 2.656704e-03 
9 3.049524e-03 
10 1.285841e-02 
11 5.308183e-03 
12 -4.481168e-04 
13 1.330912e-02 
14 2.240918e-03 
15 -2.275972e-02 
16 1.741188e-02 
17 3.148727e-02 
18 -5.489219e-04 
19 -2.211760e-02 
20 4.823624e-02 
21 2.949124e-02 
22 2.884091e-03 
23 2.701191e-02 
24 4.554892e-02 
25 5.474723e-02 
26 7.101451e-02 
27 4.397624e-02 
28 1.587445e-02 
29 2.292244e-02 
30 -1.148151e-02 
31 4.067263e-03 
32 -7.402790e-03 
33 -4.602858e-02 
34 -3.210367e-02 
35 -1.764127e-02 
36 -4.982902e-02 
37 -7.591647e-02 
38 -4.521666e-02 
39 -6.205315e-02 
40 -6.924799e-02 
41 -4.269074e-02 
42 -6.058369e-02 
43 -2.169386e-02 
44 -1.206398e-02 
45 -2.893673e-02 
46 1.017806e-02 
47 2.750227e-02 
48 2.614327e-02 
49 3.097520e-02 
50 5.887482e-02 
51 6.162076e-02 
52 3.520509e-02 
53 5.387885e-02 
54 7.415425e-02 
55 5.202741e-02 
56 6.932463e-02 
57 1.550232e-02 
58 3.055757e-02 
59 5.772073e-02 
60 2.847778e-02 
61 2.645652e-02 
62 2.922195e-02 
63 -3.133418e-03 
64 8.290151e-03 
65 -8.740933e-03 
66 -3.929480e-02 
67 -4.015598e-02 
68 -8.872672e-02 
69 -5.866305e-02 
70 -1.109860e-02 
71 -4.204877e-02 
72 -7.131627e-02 
73 -1.981655e-02 
74 4.929375e-02 
75 4.674972e-02 
76 7.355716e-02 
77 8.127866e-02 
78 8.068135e-02 
79 7.037480e-02 
80 2.862532e-03 
81 1.663418e-02 
82 8.268277e-03 
83 4.386553e-02 
84 5.606023e-02 
85 4.705206e-02 
86 5.169262e-02 
87 4.149677e-02 
88 2.619401e-02 
89 2.285523e-02 
90 1.966286e-02 
91 1.971046e-02 
92 1.213352e-02 
93 -6.961637e-03 
94 -2.069299e-02 
95 -4.919410e-02 
96 -1.743663e-02 
97 -9.413086e-02 
98 -1.591682e-01 
99 -1.361484e-01 
100 -1.540089e-01 
101 -6.891411e-02 
102 -1.506428e-01 
103 -1.333120e-01 
104 -1.373436e-01 
105 -8.201308e-02 
106 -1.005506e-01 
107 7.729870e-04 
108 8.073293e-04 
109 5.815628e-02 
110 7.725395e-02 
111 8.799063e-02 
112 -6.025590e-03 
113 7.073913e-02 
114 1.098656e-01 
115 3.842309e-02 
116 4.485209e-02 
117 9.014461e-02 
118 5.077178e-02 
119 2.980873e-02 
120 3.752644e-02 
121 3.604213e-02 
122 1.230844e-02 
123 -6.649889e-03 
124 -1.055153e-02 
125 -5.916119e-02 
126 -5.166282e-02 
127 -5.193393e-02 
128 -6.880412e-02 
129 -4.057940e-02 
130 -4.063356e-02 
131 -3.919359e-02 
132 -2.575810e-02 
133 -1.814741e-02 
134 -8.897470e-04 
135 1.839105e-02 
136 -1.044376e-02 
137 -1.455315e-02 
138 4.698653e-02 
139 5.588326e-02 
140 7.223188e-02 
141 6.241395e-02 
142 4.840695e-02 
143 6.645784e-02 
144 5.239956e-02 
145 -2.350328e-02 
146 4.788137e-02 
147 -3.633811e-02 
148 -5.788427e-02 
149 1.744496e-02 
150 -4.259896e-02 
151 -3.567753e-02 
152 -6.159115e-02 
153 -1.962322e-03 
154 3.703467e-02 
155 1.101426e-01 
156 1.023077e-01 
157 1.152156e-01 
158 8.955744e-02 
159 1.048818e-01 
160 5.332326e-02 
161 5.280817e-02 
162 3.139492e-02 
163 4.938921e-02 
164 3.281117e-02 
165 -4.574023e-02 
166 5.877511e-03 
167 -3.409490e-02 
168 -1.263425e-01 
169 -1.561483e-01 
170 -1.243895e-01 
171 -1.311431e-01 
172 -1.902140e-01 
173 -2.118828e-01 
174 -1.840045e-01 
175 -1.320818e-01 
176 -1.293730e-01 
177 -4.731055e-02 
178 -1.000221e-01 
179 -5.989841e-03 
180 3.812910e-02 
181 1.661404e-02 
182 -1.390000e-03 
183 1.143843e-01 
184 9.364640e-02 
185 1.313336e-01 
186 1.671680e-01 
187 2.006345e-01 
188 1.738477e-01 
189 1.740657e-01 
190 1.462125e-01 
191 7.926647e-02 
192 9.368888e-02 
193 -3.023331e-02 
194 5.088911e-02 
195 -2.095167e-02 
196 3.801464e-02 
197 2.845403e-02 
198 5.678377e-02 
199 -1.058673e-02 
200 -2.363203e-02 
201 -2.587510e-02 
202 -2.148433e-02 
203 -2.485398e-02 
204 -7.884244e-03 
205 -2.719860e-02 
206 -1.717313e-02 
207 -1.956187e-02 
208 -4.208963e-02 
209 -8.193260e-03 
210 -8.308787e-04 
211 -4.628773e-02 
212 -4.620842e-02 
213 -1.271262e-02 
