0 -1.075631e-02 
1 -3.528373e-02 
2 4.568968e-02 
3 -8.440622e-03 
4 5.017177e-02 
5 8.329277e-02 
6 1.718382e-01 
7 8.323901e-02 
8 9.428895e-02 
9 1.340253e-01 
10 1.471365e-01 
11 2.213953e-01 
12 2.051225e-01 
13 1.040300e-01 
14 1.246352e-01 
15 3.158314e-02 
16 -4.263946e-02 
17 -4.966458e-02 
18 -6.329438e-02 
19 -1.357122e-02 
20 -1.106792e-01 
21 -1.242293e-01 
22 -1.331094e-01 
23 -1.339590e-01 
24 -1.183274e-01 
25 -1.118073e-01 
26 -8.249177e-02 
27 -6.867826e-02 
28 8.168898e-03 
29 -2.755713e-03 
30 4.045748e-02 
31 6.269456e-02 
32 1.522246e-02 
33 2.818857e-02 
34 5.165829e-02 
35 3.553703e-02 
36 9.769226e-03 
37 -1.752363e-02 
38 -3.847611e-02 
39 -4.540513e-02 
40 -6.927338e-02 
41 -8.118557e-02 
42 -8.389400e-02 
43 -6.807369e-02 
44 -3.831186e-02 
45 -8.547774e-02 
46 -8.302122e-02 
47 -4.383130e-02 
48 -8.065814e-03 
49 -5.558981e-02 
50 -4.924451e-02 
51 2.000624e-02 
52 4.025846e-02 
53 -3.863610e-02 
54 -6.016855e-03 
55 4.561530e-02 
56 5.787753e-02 
57 3.865032e-02 
58 6.210149e-02 
59 8.233664e-02 
60 4.507968e-02 
61 6.607052e-02 
62 6.602853e-02 
63 8.072403e-02 
64 4.516414e-02 
65 4.893753e-02 
66 2.697316e-02 
67 4.092744e-02 
68 -3.427962e-02 
69 7.183612e-03 
70 7.364550e-02 
71 2.736221e-02 
72 -2.526807e-02 
73 5.424826e-02 
74 7.149397e-02 
75 8.291924e-02 
76 8.707727e-02 
77 7.313566e-02 
78 6.117752e-02 
79 5.014513e-02 
80 -1.879771e-02 
81 -1.975237e-02 
82 -3.656603e-03 
83 2.452778e-02 
84 3.240594e-02 
85 1.498760e-02 
86 9.924220e-03 
87 7.628007e-03 
88 -1.315425e-02 
89 -2.926381e-02 
90 -2.848622e-02 
91 -1.936190e-02 
92 -2.544352e-02 
93 -6.416586e-02 
94 -4.012117e-02 
95 -5.948189e-02 
96 -6.153708e-02 
97 -1.048312e-01 
98 -1.292803e-01 
99 -1.250563e-01 
100 -1.255619e-01 
101 -9.156453e-02 
102 -7.383581e-02 
103 -4.227532e-02 
104 1.055908e-02 
105 1.368613e-02 
106 4.366115e-02 
107 1.080877e-01 
108 7.036846e-02 
109 7.588726e-02 
110 4.242245e-02 
111 -1.472943e-01 
112 -1.587946e-01 
113 -1.947886e-01 
114 -1.823658e-01 
115 6.649981e-02 
116 -1.119557e-01 
117 -2.288140e-01 
118 4.735040e-02 
119 4.313400e-02 
120 -1.091454e-01 
121 -1.334283e-01 
122 2.583318e-02 
123 2.108946e-02 
124 -1.472802e-03 
125 2.744171e-02 
126 4.366659e-02 
127 -1.963848e-03 
128 2.981982e-02 
129 -3.158215e-02 
130 1.016528e-02 
131 -5.660708e-02 
132 -4.685251e-02 
133 -9.526207e-02 
134 -4.925416e-02 
135 -1.067119e-01 
136 -7.612927e-02 
137 -3.701657e-02 
138 -1.365729e-02 
139 -1.010787e-02 
140 2.104117e-02 
141 5.242585e-03 
142 7.054931e-04 
143 1.859971e-02 
144 1.711518e-02 
145 4.811790e-02 
146 2.303146e-02 
147 3.143611e-02 
148 5.487489e-02 
149 1.256677e-02 
150 9.287056e-02 
151 8.977159e-02 
152 7.163088e-02 
153 9.647177e-02 
154 7.107458e-02 
155 6.811979e-02 
156 5.403577e-02 
157 3.963981e-02 
158 2.649618e-02 
159 1.901824e-02 
160 -5.909777e-02 
161 -2.791662e-02 
162 4.230565e-04 
163 -3.491000e-03 
164 -8.757867e-02 
165 -3.519859e-02 
166 1.707236e-02 
167 -2.709216e-02 
168 -6.076427e-02 
169 -1.562254e-02 
170 3.867138e-02 
171 -6.425559e-02 
172 -2.898292e-02 
173 -2.860656e-04 
174 4.982105e-02 
175 2.615596e-02 
176 6.373644e-02 
177 3.690685e-02 
178 7.169488e-02 
179 3.392090e-02 
180 9.143729e-04 
181 1.895245e-02 
182 5.145405e-02 
183 -4.181902e-03 
184 -2.532145e-02 
185 7.733359e-03 
186 -2.614572e-02 
187 -3.541268e-02 
188 -4.414148e-02 
189 -3.933891e-02 
190 -2.138587e-02 
191 -2.071550e-02 
192 2.011954e-02 
193 1.726946e-02 
194 7.437865e-02 
195 3.895877e-02 
196 3.476616e-02 
197 6.197648e-02 
198 -2.939941e-02 
199 4.705698e-02 
200 3.712722e-02 
201 2.980660e-02 
202 2.915558e-03 
203 3.873566e-02 
204 3.934466e-02 
205 -5.140591e-02 
206 -2.580347e-02 
207 4.142443e-02 
208 1.790266e-02 
209 -9.892693e-02 
210 -1.737016e-03 
211 1.067653e-02 
212 -2.443854e-02 
213 -4.426754e-02 
