0 -6.410047e-02 
1 -6.588544e-02 
2 1.680662e-02 
3 7.171352e-04 
4 -2.092795e-03 
5 -2.233273e-02 
6 -3.375020e-02 
7 8.267872e-02 
8 1.399913e-01 
9 1.740503e-02 
10 -6.178911e-02 
11 -7.387034e-02 
12 -5.035862e-02 
13 -4.752833e-03 
14 -8.246280e-02 
15 -5.742580e-02 
16 4.814285e-02 
17 3.293518e-02 
18 -9.218384e-02 
19 -1.744285e-02 
20 2.964556e-02 
21 -3.933174e-02 
22 -8.457327e-02 
23 -4.033506e-02 
24 -1.285217e-02 
25 -2.513357e-02 
26 2.240727e-02 
27 8.067921e-02 
28 7.810153e-02 
29 1.255419e-01 
30 6.668499e-02 
31 1.366921e-01 
32 1.608389e-01 
33 1.027293e-01 
34 1.003723e-01 
35 1.590208e-01 
36 8.398141e-02 
37 -1.466110e-02 
38 -1.253914e-02 
39 -4.825828e-02 
40 -1.066241e-01 
41 -9.859043e-02 
42 -1.562878e-01 
43 -1.264159e-01 
44 -1.533523e-01 
45 -1.216326e-01 
46 -6.387493e-02 
47 -2.849997e-02 
48 1.191567e-01 
49 9.886081e-02 
50 8.186603e-02 
51 5.039824e-02 
52 1.084151e-01 
53 1.467778e-01 
54 1.067599e-01 
55 2.774011e-02 
56 8.158666e-02 
57 -4.228575e-02 
58 -9.990719e-02 
59 -3.206995e-02 
60 -9.144997e-03 
61 -1.230452e-01 
62 -1.184122e-01 
63 -3.894150e-02 
64 -7.097324e-02 
65 -1.279333e-01 
66 -2.724948e-02 
67 1.878207e-02 
68 -5.547091e-02 
69 -5.329178e-02 
70 8.041855e-02 
71 2.636379e-02 
72 -1.812826e-02 
73 3.612543e-02 
74 5.056427e-02 
75 3.907504e-02 
76 -1.505354e-03 
77 -1.286106e-02 
78 -1.401092e-02 
79 -5.137916e-02 
80 -1.065985e-01 
81 -8.501164e-02 
82 -1.196904e-01 
83 -9.472382e-02 
84 -6.294718e-02 
85 -2.898328e-02 
86 -2.292918e-02 
87 1.013726e-02 
88 4.014754e-03 
89 5.124945e-02 
90 5.422209e-02 
91 4.625075e-02 
92 7.300070e-02 
93 6.468523e-02 
94 2.618452e-02 
95 2.410330e-02 
96 5.254503e-03 
97 -3.024014e-03 
98 -5.482380e-03 
99 3.813197e-03 
100 -1.007874e-02 
101 1.806477e-02 
102 -2.827630e-02 
103 3.054190e-03 
104 1.030004e-01 
105 2.916072e-03 
106 1.212806e-01 
107 -9.318937e-02 
108 -3.971728e-03 
109 -8.303948e-02 
110 -4.864461e-02 
111 -1.941521e-02 
112 5.651252e-02 
113 -8.133264e-04 
114 -4.466090e-02 
115 3.971792e-02 
116 6.342786e-02 
117 -5.069529e-02 
118 -4.429151e-02 
119 6.674183e-02 
120 2.826528e-02 
121 -2.572614e-02 
122 3.990410e-02 
123 2.491305e-02 
124 -7.527296e-03 
125 3.704255e-02 
126 7.435083e-03 
127 1.512876e-02 
128 3.975379e-02 
129 -3.829109e-02 
130 2.306583e-02 
131 -5.611938e-02 
132 -5.731371e-02 
133 -8.043593e-02 
134 -4.868397e-02 
135 -7.745793e-02 
136 -8.685461e-02 
137 -3.892436e-02 
138 -1.056467e-02 
139 -2.542363e-02 
140 -1.359246e-02 
141 1.143294e-03 
142 3.793230e-03 
143 1.606974e-02 
144 1.296345e-02 
145 6.650157e-02 
146 2.163779e-02 
147 5.986968e-02 
148 6.872556e-02 
149 3.062979e-02 
150 4.726747e-02 
151 4.035849e-02 
152 5.284742e-02 
153 -1.524221e-02 
154 -4.282379e-02 
155 -1.373361e-01 
156 -9.134559e-02 
157 -1.271719e-01 
158 -7.469396e-02 
159 -3.456824e-02 
160 5.135308e-02 
161 3.792511e-02 
162 2.698427e-02 
163 3.312267e-02 
164 8.164564e-02 
165 1.167752e-01 
166 -1.875410e-02 
167 1.293553e-02 
168 1.137713e-01 
169 1.034616e-01 
170 2.871720e-02 
171 4.730822e-02 
172 9.165892e-02 
173 4.377660e-02 
174 -7.369510e-02 
175 -7.900752e-02 
176 -1.323764e-01 
177 -1.107355e-01 
178 -1.430949e-01 
179 -1.201231e-01 
180 -6.793013e-02 
181 -6.642242e-02 
182 -1.072554e-01 
183 -4.008490e-02 
184 -2.081428e-02 
185 4.867824e-03 
186 5.798449e-02 
187 7.157548e-02 
188 8.350907e-02 
189 8.325515e-02 
190 7.526844e-02 
191 3.019880e-02 
192 -5.433346e-03 
193 1.338261e-01 
194 -6.822490e-02 
195 8.412950e-02 
196 2.217514e-02 
197 1.517444e-03 
198 2.618694e-02 
199 5.163164e-02 
200 -2.118741e-02 
201 -4.563853e-02 
202 -5.722670e-02 
203 4.863455e-03 
204 4.046972e-02 
205 -8.252844e-02 
206 -3.303214e-02 
207 5.923845e-02 
208 2.889882e-02 
209 -3.518466e-02 
210 1.141868e-02 
211 1.165240e-01 
212 3.329860e-02 
213 8.792121e-03 
