0 -2.443621e-02 
1 -3.135212e-02 
2 -2.307486e-02 
3 -1.480184e-02 
4 -3.864787e-02 
5 8.323691e-03 
6 -8.408382e-03 
7 5.072554e-02 
8 3.593894e-02 
9 7.036641e-03 
10 2.266205e-02 
11 -1.608186e-02 
12 -1.663883e-02 
13 -3.885380e-02 
14 -3.552480e-02 
15 -5.633650e-02 
16 -6.401923e-02 
17 -6.120947e-02 
18 -9.016751e-02 
19 -4.530596e-02 
20 -7.928093e-02 
21 -6.879619e-02 
22 -9.230222e-02 
23 -7.632853e-02 
24 -6.346907e-02 
25 -7.944188e-02 
26 -7.916136e-02 
27 -6.807685e-02 
28 -3.520751e-02 
29 -3.665325e-02 
30 -6.103303e-03 
31 -1.136183e-02 
32 -1.543502e-02 
33 -4.352270e-03 
34 1.740264e-02 
35 1.509268e-02 
36 -7.996629e-04 
37 2.202111e-02 
38 3.688572e-02 
39 1.994602e-02 
40 2.840689e-02 
41 3.407488e-02 
42 3.814956e-02 
43 3.708856e-02 
44 4.153294e-02 
45 4.727049e-02 
46 4.816668e-02 
47 4.594383e-02 
48 4.148752e-02 
49 4.562462e-02 
50 5.098151e-02 
51 4.893416e-02 
52 3.864013e-02 
53 4.273055e-02 
54 4.813155e-02 
55 2.534283e-02 
56 4.255592e-02 
57 2.353940e-02 
58 2.867337e-02 
59 3.564875e-02 
60 9.028943e-03 
61 1.704258e-02 
62 2.921523e-02 
63 1.747827e-02 
64 4.066269e-04 
65 1.618218e-02 
66 1.142797e-02 
67 -1.427246e-03 
68 -1.750394e-03 
69 2.973374e-03 
70 -3.569430e-02 
71 -9.695209e-03 
72 -7.803658e-03 
73 -2.378471e-02 
74 -4.412678e-02 
75 -4.071700e-02 
76 -4.912397e-02 
77 -4.985721e-02 
78 -4.876369e-02 
79 -5.415890e-02 
80 -4.328171e-02 
81 -4.337546e-02 
82 -2.683641e-02 
83 -2.944999e-02 
84 -3.297927e-02 
85 -1.379690e-02 
86 -1.706113e-02 
87 -1.655929e-02 
88 -1.514368e-02 
89 -1.890318e-02 
90 -1.253967e-02 
91 -1.253755e-02 
92 -1.284505e-02 
93 -1.434075e-02 
94 -9.735158e-03 
95 -1.421520e-02 
96 -2.457391e-02 
97 -1.095750e-02 
98 -1.354869e-02 
99 -1.410742e-02 
100 -1.562697e-02 
101 -9.886895e-03 
102 -2.520626e-02 
103 -2.012299e-02 
104 -2.077778e-02 
105 -5.352356e-03 
106 -2.905059e-02 
107 2.357390e-02 
108 -2.368079e-02 
109 8.191542e-03 
110 2.816075e-02 
111 6.417290e-02 
112 1.095130e-01 
113 6.116409e-02 
114 4.362877e-02 
115 4.817558e-02 
116 7.975233e-02 
117 2.760689e-02 
118 9.074261e-03 
119 4.852478e-02 
120 3.516005e-02 
121 3.613159e-03 
122 6.553374e-03 
123 -5.538260e-03 
124 -1.181004e-02 
125 -7.349946e-02 
126 -4.872827e-02 
127 -6.493119e-02 
128 -8.440351e-02 
129 -6.261992e-02 
130 -6.642603e-02 
131 -7.694433e-02 
132 -7.143981e-02 
133 -6.411123e-02 
134 -6.424152e-02 
135 -5.803730e-02 
136 -7.171225e-02 
137 -6.130294e-02 
138 -9.454655e-02 
139 -9.838023e-02 
140 -8.587166e-02 
141 -9.453529e-02 
142 -9.506676e-02 
143 -1.072633e-01 
144 -9.382000e-02 
145 -9.709845e-02 
146 -8.778553e-02 
147 -5.355490e-02 
148 -7.999669e-02 
149 -7.712006e-02 
150 -4.723758e-02 
151 -2.573357e-02 
152 1.676567e-02 
153 3.610601e-02 
154 7.889043e-02 
155 1.850567e-01 
156 1.680320e-01 
157 1.838033e-01 
158 1.814356e-01 
159 2.225061e-01 
160 1.637610e-01 
161 1.764968e-01 
162 1.995853e-01 
163 1.479214e-01 
164 1.588161e-01 
165 1.692297e-01 
166 1.772109e-01 
167 9.860737e-02 
168 1.604648e-01 
169 1.854603e-01 
170 9.913145e-02 
171 1.298275e-01 
172 1.425946e-01 
173 1.590809e-01 
174 1.059247e-01 
175 1.002519e-01 
176 7.586304e-02 
177 4.776823e-02 
178 5.139866e-02 
179 5.427248e-02 
180 2.546097e-02 
181 2.028471e-02 
182 6.267258e-02 
183 3.289713e-02 
184 1.698219e-02 
185 2.231188e-02 
186 1.309901e-02 
187 1.880199e-02 
188 1.424226e-02 
189 1.012275e-02 
190 1.640412e-02 
191 1.540343e-02 
192 2.351303e-02 
193 -6.894626e-03 
194 1.989724e-02 
195 -3.962189e-02 
196 -3.139402e-02 
197 -2.273555e-02 
198 -1.600531e-02 
199 -8.401680e-02 
200 -7.953052e-02 
201 -6.966042e-02 
202 -7.786766e-02 
203 -8.579255e-02 
204 -6.070276e-02 
205 -9.419608e-02 
206 -7.417872e-02 
207 -8.143831e-02 
208 -5.818838e-02 
209 -8.362684e-02 
210 -4.456357e-02 
211 -5.265341e-02 
212 -4.206767e-02 
213 -4.256184e-02 
