0 4.139900e-02 
1 9.484963e-02 
2 1.025561e-01 
3 1.276106e-01 
4 8.034897e-02 
5 7.158692e-02 
6 7.980258e-02 
7 2.362957e-02 
8 1.657691e-02 
9 1.788163e-02 
10 5.652918e-02 
11 7.439500e-02 
12 6.261202e-02 
13 3.269873e-02 
14 4.357702e-02 
15 4.019674e-02 
16 4.160569e-03 
17 -1.236696e-02 
18 -2.246024e-02 
19 1.333172e-02 
20 -3.233149e-02 
21 -3.337121e-02 
22 -4.749656e-02 
23 -4.266851e-02 
24 -3.751015e-02 
25 -3.950226e-02 
26 -4.624644e-02 
27 -1.770397e-02 
28 -5.658848e-03 
29 -1.396054e-02 
30 6.901847e-04 
31 -6.499353e-03 
32 3.970012e-03 
33 2.695002e-02 
34 1.277282e-02 
35 8.968499e-03 
36 2.959821e-02 
37 4.430548e-02 
38 2.464399e-02 
39 3.412308e-02 
40 3.841005e-02 
41 2.475495e-02 
42 3.437123e-02 
43 1.831650e-02 
44 7.127208e-03 
45 1.794196e-02 
46 4.428666e-04 
47 -9.017148e-03 
48 -1.197483e-02 
49 -1.172818e-02 
50 -2.495406e-02 
51 -3.446229e-02 
52 -2.204388e-02 
53 -2.402881e-02 
54 -3.692189e-02 
55 -3.878089e-02 
56 -3.972368e-02 
57 -1.563660e-02 
58 -2.425910e-02 
59 -4.480338e-02 
60 -4.833921e-02 
61 -2.912777e-02 
62 -2.503286e-02 
63 -1.527044e-02 
64 -3.387135e-02 
65 1.032207e-03 
66 2.567167e-02 
67 2.372447e-02 
68 9.057718e-02 
69 5.205433e-02 
70 2.208855e-02 
71 3.872374e-02 
72 7.814491e-02 
73 2.961102e-02 
74 -2.603779e-02 
75 -2.308900e-02 
76 -4.553278e-02 
77 -5.706201e-02 
78 -5.621282e-02 
79 -5.129119e-02 
80 -1.107668e-02 
81 -2.617620e-02 
82 -4.296974e-02 
83 -6.711291e-02 
84 -7.694719e-02 
85 -8.726800e-02 
86 -8.916495e-02 
87 -7.529013e-02 
88 -6.347074e-02 
89 -5.685832e-02 
90 -5.116087e-02 
91 -5.200488e-02 
92 -3.956076e-02 
93 4.324006e-03 
94 4.530684e-03 
95 4.277752e-02 
96 8.886189e-02 
97 1.114773e-01 
98 1.670536e-01 
99 1.531158e-01 
100 1.671286e-01 
101 1.241525e-01 
102 1.558155e-01 
103 1.356249e-01 
104 1.236088e-01 
105 1.018307e-01 
106 9.156335e-02 
107 8.208790e-03 
108 7.511003e-02 
109 5.133175e-02 
110 8.490332e-02 
111 3.745912e-02 
112 -2.496302e-02 
113 1.328818e-02 
114 4.621096e-02 
115 5.668850e-02 
116 8.933988e-03 
117 1.061233e-02 
118 6.409677e-02 
119 1.010229e-02 
120 -2.199304e-02 
121 -4.657701e-02 
122 -3.247129e-02 
123 -5.444010e-02 
124 -6.579016e-02 
125 -1.300678e-01 
126 -1.113860e-01 
127 -1.239872e-01 
128 -1.351575e-01 
129 -1.118911e-01 
130 -1.026179e-01 
131 -1.276296e-01 
132 -8.601609e-02 
133 -1.049928e-01 
134 -3.447011e-02 
135 -3.004808e-02 
136 -6.498920e-02 
137 -4.721638e-02 
138 1.394791e-01 
139 1.339773e-01 
140 1.678359e-01 
141 1.545660e-01 
142 1.348610e-01 
143 1.791448e-01 
144 1.420987e-01 
145 -1.009637e-02 
146 1.328572e-01 
147 -2.598541e-02 
148 -8.694905e-02 
149 9.648065e-02 
150 -5.118181e-02 
151 -3.005813e-02 
152 9.842411e-03 
153 -1.021547e-02 
154 2.716653e-02 
155 9.793641e-02 
156 8.790415e-02 
157 1.009593e-01 
158 8.625534e-02 
159 1.001239e-01 
160 4.220362e-02 
161 5.749507e-02 
162 5.343991e-02 
163 4.991720e-02 
164 2.524844e-02 
165 -4.692626e-03 
166 3.123667e-02 
167 -3.232542e-02 
168 -9.199914e-02 
169 -7.960103e-02 
170 -5.752630e-02 
171 -1.020978e-01 
172 -1.281565e-01 
173 -1.336160e-01 
174 -1.254545e-01 
175 -1.346677e-01 
176 -1.061132e-01 
177 -6.876937e-02 
178 -6.852070e-02 
179 -1.104875e-01 
180 -5.356350e-02 
181 -3.021267e-02 
182 -9.787680e-02 
183 -7.091463e-02 
184 -1.047649e-02 
185 -3.169590e-02 
186 -4.554772e-02 
187 -4.285587e-02 
188 -1.470324e-02 
189 -2.880609e-02 
190 -2.603406e-02 
191 1.785244e-02 
192 -2.097317e-02 
193 4.218297e-02 
194 -2.063294e-02 
195 2.801912e-02 
196 1.025663e-02 
197 5.673722e-02 
198 2.026963e-02 
199 -4.950097e-02 
200 -5.275163e-02 
201 -3.102938e-02 
202 -4.588477e-02 
203 -6.202226e-02 
204 -1.071710e-02 
205 -2.710688e-02 
206 -5.500885e-02 
207 -4.934286e-02 
208 3.272945e-02 
209 -4.108438e-02 
210 -5.328845e-02 
211 1.146072e-02 
212 1.243291e-02 
213 -2.196628e-02 
