0 -3.663416e-02 
1 -4.029315e-02 
2 -4.802069e-02 
3 -4.147195e-02 
4 -6.420214e-02 
5 -3.869992e-02 
6 -3.583838e-02 
7 -1.108267e-02 
8 1.530395e-02 
9 8.753681e-03 
10 -3.848744e-02 
11 -4.321627e-02 
12 -3.589909e-02 
13 -4.763663e-02 
14 -6.170383e-02 
15 -9.928012e-02 
16 -5.722715e-02 
17 -5.810373e-02 
18 -1.164898e-01 
19 -5.944509e-02 
20 -6.744689e-02 
21 -8.053279e-02 
22 -1.164112e-01 
23 -7.591857e-02 
24 -5.011075e-02 
25 -5.041609e-02 
26 -4.202988e-02 
27 -5.051966e-02 
28 -2.185103e-04 
29 -1.776632e-02 
30 2.443971e-02 
31 8.860482e-03 
32 8.317506e-03 
33 3.831086e-02 
34 4.438932e-02 
35 4.306639e-02 
36 4.113991e-02 
37 6.348664e-02 
38 7.010768e-02 
39 4.927114e-02 
40 6.286670e-02 
41 6.111974e-02 
42 7.221260e-02 
43 6.737313e-02 
44 7.613780e-02 
45 8.131110e-02 
46 7.741243e-02 
47 7.693547e-02 
48 6.453460e-02 
49 7.118104e-02 
50 7.753539e-02 
51 7.769002e-02 
52 5.977677e-02 
53 6.584982e-02 
54 7.198784e-02 
55 4.430781e-02 
56 6.347548e-02 
57 4.883901e-02 
58 5.809929e-02 
59 6.551676e-02 
60 3.927240e-02 
61 4.350378e-02 
62 5.872152e-02 
63 5.524131e-02 
64 3.316197e-02 
65 4.993631e-02 
66 5.267596e-02 
67 3.427570e-02 
68 2.947659e-02 
69 4.426806e-02 
70 2.749798e-02 
71 2.488223e-02 
72 2.333202e-02 
73 2.227181e-02 
74 4.427563e-03 
75 4.534874e-03 
76 -3.900196e-03 
77 -5.431421e-03 
78 -8.355121e-03 
79 -1.591757e-02 
80 -2.454158e-02 
81 -3.026129e-02 
82 -1.586772e-02 
83 -3.687911e-04 
84 9.416282e-04 
85 8.683107e-03 
86 9.198069e-03 
87 7.145896e-03 
88 9.353110e-03 
89 4.686742e-03 
90 1.385002e-02 
91 1.230443e-02 
92 1.418965e-02 
93 1.698343e-02 
94 1.667257e-02 
95 1.455295e-03 
96 1.518162e-02 
97 7.589566e-03 
98 -3.960906e-04 
99 -7.265872e-03 
100 -1.329663e-02 
101 -3.181474e-02 
102 -3.949968e-02 
103 -4.135437e-02 
104 -5.768767e-02 
105 -3.694651e-02 
106 -7.885169e-02 
107 -5.330507e-02 
108 -8.169715e-02 
109 -4.859187e-02 
110 -5.641590e-02 
111 -4.749519e-02 
112 -2.889013e-02 
113 -1.301278e-02 
114 -3.503002e-02 
115 -2.575404e-02 
116 1.099543e-03 
117 1.678347e-02 
118 -4.031248e-02 
119 2.256478e-02 
120 3.335345e-02 
121 5.002467e-02 
122 3.990155e-02 
123 7.465881e-02 
124 6.967073e-02 
125 1.414413e-01 
126 1.187408e-01 
127 1.229545e-01 
128 1.496652e-01 
129 1.079302e-01 
130 1.294957e-01 
131 1.360082e-01 
132 1.164531e-01 
133 1.142267e-01 
134 1.070078e-01 
135 9.793324e-02 
136 1.113239e-01 
137 9.551221e-02 
138 1.157765e-01 
139 1.208907e-01 
140 9.695514e-02 
141 1.155095e-01 
142 1.183160e-01 
143 1.297897e-01 
144 1.208428e-01 
145 1.478283e-01 
146 1.082776e-01 
147 8.696840e-02 
148 1.386478e-01 
149 9.980079e-02 
150 1.079211e-01 
151 9.107021e-02 
152 2.462222e-02 
153 6.901171e-02 
154 4.234561e-02 
155 2.046034e-02 
156 2.161003e-02 
157 8.782199e-03 
158 6.621017e-03 
159 1.102110e-02 
160 2.229024e-03 
161 -1.226580e-03 
162 -2.173776e-03 
163 -2.336814e-03 
164 -9.507285e-03 
165 -1.721670e-02 
166 -3.140361e-03 
167 -1.804873e-02 
168 -2.770254e-02 
169 -1.896069e-02 
170 -1.248905e-02 
171 -2.821231e-02 
172 -2.012486e-02 
173 -2.611697e-02 
174 -3.049671e-02 
175 -4.169258e-02 
176 -3.523373e-02 
177 -3.579338e-02 
178 -4.040583e-02 
179 -5.457842e-02 
180 -2.523899e-02 
181 -2.323156e-02 
182 -6.758781e-02 
183 -5.511441e-02 
184 -4.190136e-02 
185 -5.872705e-02 
186 -5.653248e-02 
187 -5.789913e-02 
188 -5.770577e-02 
189 -5.742202e-02 
190 -5.968922e-02 
191 -6.319068e-02 
192 -6.478851e-02 
193 -8.484514e-02 
194 -7.662156e-02 
195 -1.018173e-01 
196 -1.067813e-01 
197 -8.938122e-02 
198 -1.026906e-01 
199 -1.639186e-01 
200 -1.309848e-01 
201 -1.107685e-01 
202 -1.167128e-01 
203 -1.442633e-01 
204 -1.240592e-01 
205 -1.371396e-01 
206 -1.171701e-01 
207 -1.549328e-01 
208 -1.071223e-01 
209 -1.211048e-01 
210 -1.069999e-01 
211 -1.151391e-01 
212 -7.349126e-02 
213 -4.842803e-02 
