0 1.340794e-02 
1 4.209849e-02 
2 7.551318e-02 
3 6.578530e-02 
4 1.411266e-01 
5 8.515282e-02 
6 1.280291e-01 
7 5.555259e-02 
8 8.921845e-02 
9 9.501403e-02 
10 5.948878e-02 
11 1.567330e-01 
12 1.481659e-01 
13 1.661737e-01 
14 1.191852e-01 
15 1.195245e-01 
16 1.730165e-01 
17 1.797852e-01 
18 1.365677e-01 
19 7.889284e-02 
20 1.849851e-01 
21 1.553249e-01 
22 1.019527e-01 
23 9.458600e-02 
24 9.215948e-02 
25 5.587754e-02 
26 2.932022e-02 
27 1.675494e-01 
28 -5.682722e-02 
29 1.081227e-01 
30 -2.352777e-02 
31 6.303681e-02 
32 5.234658e-02 
33 -7.430551e-02 
34 -5.105779e-04 
35 3.519379e-02 
36 -6.719360e-02 
37 -5.073654e-02 
38 1.234266e-02 
39 -2.684764e-02 
40 -2.364618e-02 
41 9.098236e-03 
42 -4.930848e-03 
43 2.405660e-03 
44 7.893173e-03 
45 2.619328e-02 
46 4.389690e-02 
47 3.637986e-02 
48 6.671522e-02 
49 6.708725e-02 
50 7.235774e-02 
51 6.320111e-02 
52 5.611996e-02 
53 7.130745e-02 
54 7.557814e-02 
55 3.562172e-02 
56 6.566896e-02 
57 1.262342e-02 
58 5.604996e-03 
59 2.972815e-02 
60 -8.215145e-03 
61 -6.087505e-03 
62 1.930662e-03 
63 -3.457841e-02 
64 -3.831712e-02 
65 -4.619632e-02 
66 -7.621624e-02 
67 -7.419184e-02 
68 -9.778729e-02 
69 -1.199650e-01 
70 -2.073416e-01 
71 -1.065089e-01 
72 -1.259581e-01 
73 -1.745541e-01 
74 -1.538844e-01 
75 -1.604424e-01 
76 -1.517280e-01 
77 -1.317795e-01 
78 -1.125697e-01 
79 -9.493934e-02 
80 4.253301e-03 
81 5.300594e-02 
82 1.174715e-02 
83 4.194484e-03 
84 -4.042953e-02 
85 -1.437558e-02 
86 -7.357134e-03 
87 -7.837289e-03 
88 -1.052919e-02 
89 -2.478706e-03 
90 -1.438905e-02 
91 -9.605345e-03 
92 -8.533691e-03 
93 -2.066317e-02 
94 -3.292253e-02 
95 -8.325064e-03 
96 -1.003641e-02 
97 -4.949601e-02 
98 -5.382330e-02 
99 -2.099251e-02 
100 -1.735390e-02 
101 1.447682e-02 
102 3.511123e-02 
103 3.373247e-02 
104 3.010607e-02 
105 4.567720e-02 
106 1.450134e-02 
107 1.576384e-02 
108 2.172229e-02 
109 -3.315942e-02 
110 -9.577171e-03 
111 -9.305392e-02 
112 -4.976793e-02 
113 -5.908633e-02 
114 -8.152898e-02 
115 3.874533e-02 
116 -1.008162e-02 
117 -6.089754e-02 
118 2.353409e-02 
119 5.212807e-02 
120 -5.819290e-03 
121 -1.174506e-02 
122 4.169563e-02 
123 3.012459e-02 
124 1.096587e-02 
125 2.011361e-02 
126 1.472915e-02 
127 1.348446e-02 
128 1.750308e-02 
129 1.026941e-02 
130 2.849794e-02 
131 8.414186e-03 
132 4.011598e-03 
133 1.344943e-03 
134 2.357953e-03 
135 -1.611969e-02 
136 -1.678263e-03 
137 2.557111e-03 
138 -2.380791e-02 
139 -2.581741e-02 
140 -3.190564e-02 
141 -2.861878e-02 
142 -2.283108e-02 
143 -3.031413e-02 
144 -2.547126e-02 
145 8.640671e-04 
146 -2.332344e-02 
147 2.729480e-03 
148 1.296764e-02 
149 -1.467869e-02 
150 1.095748e-02 
151 9.931277e-03 
152 1.744615e-02 
153 8.752639e-03 
154 4.682689e-03 
155 -1.403426e-02 
156 -8.371010e-03 
157 -1.975327e-02 
158 -1.376704e-02 
159 -1.140371e-02 
160 -7.634387e-03 
161 -1.160258e-02 
162 -1.127028e-02 
163 1.144271e-02 
164 -6.536082e-03 
165 -1.136766e-02 
166 -1.192082e-02 
167 -6.884572e-03 
168 -1.813746e-02 
169 -1.104076e-02 
170 1.109208e-02 
171 -2.022595e-02 
172 -1.166223e-02 
173 -4.627090e-03 
174 1.105762e-02 
175 -1.334930e-03 
176 1.617729e-02 
177 1.615561e-02 
178 2.481056e-02 
179 4.377209e-03 
180 -3.935921e-04 
181 1.216152e-02 
182 -6.395954e-03 
183 1.042419e-02 
184 7.511632e-03 
185 1.093365e-02 
186 9.837900e-03 
187 1.813924e-02 
188 1.955069e-02 
189 2.141986e-02 
190 1.788279e-02 
191 2.880907e-02 
192 1.281833e-02 
193 -5.927599e-03 
194 -2.591032e-02 
195 -7.028755e-02 
196 -1.454346e-01 
197 -5.665103e-02 
198 -1.571906e-01 
199 -2.094968e-01 
200 -1.324931e-01 
201 -6.811880e-02 
202 -5.217664e-02 
203 -1.624697e-01 
204 -1.291308e-01 
205 5.054469e-02 
206 -5.110069e-02 
207 -1.726244e-01 
208 2.276559e-02 
209 4.640325e-02 
210 -5.795465e-02 
211 -4.457074e-02 
212 1.543598e-02 
213 1.671443e-02 
