0 4.517270e-02 
1 6.027697e-02 
2 5.640821e-02 
3 6.567942e-02 
4 7.557072e-02 
5 7.154239e-02 
6 6.122363e-02 
7 7.085654e-02 
8 8.119462e-02 
9 6.564869e-02 
10 7.203536e-02 
11 6.817716e-02 
12 6.085990e-02 
13 6.519243e-02 
14 6.120359e-02 
15 8.355957e-02 
16 7.752985e-02 
17 6.919965e-02 
18 8.701434e-02 
19 5.895695e-02 
20 8.030813e-02 
21 7.084557e-02 
22 8.173604e-02 
23 6.791423e-02 
24 5.697483e-02 
25 7.822804e-02 
26 8.072215e-02 
27 7.616270e-02 
28 5.846885e-02 
29 7.240766e-02 
30 6.338200e-02 
31 7.117859e-02 
32 6.405975e-02 
33 7.572378e-02 
34 7.752409e-02 
35 7.816997e-02 
36 7.400656e-02 
37 8.148387e-02 
38 7.803516e-02 
39 5.644392e-02 
40 6.722633e-02 
41 5.825686e-02 
42 7.093896e-02 
43 6.449734e-02 
44 7.465839e-02 
45 7.703004e-02 
46 6.889567e-02 
47 7.224649e-02 
48 7.134648e-02 
49 6.765635e-02 
50 6.930155e-02 
51 7.655380e-02 
52 7.230398e-02 
53 6.350775e-02 
54 6.725924e-02 
55 5.165650e-02 
56 6.990979e-02 
57 5.862178e-02 
58 6.760090e-02 
59 7.379191e-02 
60 6.814193e-02 
61 5.771228e-02 
62 6.542055e-02 
63 8.076314e-02 
64 7.189286e-02 
65 6.781849e-02 
66 7.488752e-02 
67 6.921363e-02 
68 6.497771e-02 
69 6.987346e-02 
70 9.142779e-02 
71 5.708736e-02 
72 5.818478e-02 
73 6.505140e-02 
74 6.607774e-02 
75 5.951859e-02 
76 6.119084e-02 
77 6.273796e-02 
78 5.766285e-02 
79 6.432193e-02 
80 6.342480e-02 
81 5.979750e-02 
82 6.454607e-02 
83 7.353592e-02 
84 7.346778e-02 
85 8.158942e-02 
86 6.717399e-02 
87 5.770828e-02 
88 6.245626e-02 
89 6.072694e-02 
90 5.974898e-02 
91 5.809449e-02 
92 6.429948e-02 
93 6.726011e-02 
94 5.875504e-02 
95 5.559792e-02 
96 7.339070e-02 
97 6.228486e-02 
98 5.905927e-02 
99 5.287833e-02 
100 5.522124e-02 
101 5.505949e-02 
102 6.715283e-02 
103 5.700462e-02 
104 7.272654e-02 
105 6.159288e-02 
106 7.629545e-02 
107 8.570777e-02 
108 7.673596e-02 
109 8.098949e-02 
110 9.002116e-02 
111 8.461614e-02 
112 7.970505e-02 
113 6.507441e-02 
114 8.837414e-02 
115 8.283040e-02 
116 6.431307e-02 
117 8.056485e-02 
118 6.448698e-02 
119 7.558979e-02 
120 5.736538e-02 
121 6.013950e-02 
122 5.687785e-02 
123 6.917775e-02 
124 5.103781e-02 
125 8.200976e-02 
126 7.095194e-02 
127 6.937261e-02 
128 8.282473e-02 
129 5.821807e-02 
130 8.456121e-02 
131 7.532097e-02 
132 6.275282e-02 
133 6.616442e-02 
134 6.285241e-02 
135 6.333109e-02 
136 5.942922e-02 
137 5.243439e-02 
138 6.886794e-02 
139 6.399318e-02 
140 6.260026e-02 
141 6.223359e-02 
142 6.333366e-02 
143 6.921613e-02 
144 6.679390e-02 
145 8.192023e-02 
146 5.840143e-02 
147 5.900073e-02 
148 7.966296e-02 
149 6.356642e-02 
150 7.469863e-02 
151 6.477862e-02 
152 5.817984e-02 
153 6.474183e-02 
154 5.620799e-02 
155 6.608533e-02 
156 6.312256e-02 
157 6.313031e-02 
158 5.695909e-02 
159 7.354559e-02 
160 6.360946e-02 
161 5.740110e-02 
162 6.306053e-02 
163 6.681656e-02 
164 6.615943e-02 
165 6.291368e-02 
166 5.936761e-02 
167 5.295607e-02 
168 7.080903e-02 
169 6.598532e-02 
170 5.321711e-02 
171 6.631984e-02 
172 6.358371e-02 
173 6.555360e-02 
174 5.802999e-02 
175 6.527832e-02 
176 5.422157e-02 
177 5.470210e-02 
178 5.773927e-02 
179 6.652202e-02 
180 5.968208e-02 
181 4.655106e-02 
182 8.215380e-02 
183 6.326282e-02 
184 6.832904e-02 
185 6.291506e-02 
186 5.110043e-02 
187 5.630426e-02 
188 5.687171e-02 
189 5.215112e-02 
190 5.704245e-02 
191 7.265798e-02 
192 7.259448e-02 
193 7.597054e-02 
194 8.238199e-02 
195 7.219839e-02 
196 7.893829e-02 
197 7.529760e-02 
198 8.435655e-02 
199 9.531183e-02 
200 7.217160e-02 
201 6.505684e-02 
202 6.722996e-02 
203 7.859301e-02 
204 7.662754e-02 
205 8.908565e-02 
206 6.850080e-02 
207 9.001611e-02 
208 7.801126e-02 
209 8.155827e-02 
210 7.173813e-02 
211 8.011969e-02 
212 5.645720e-02 
213 4.357197e-02 
