0 -6.799354e-02 
1 -7.599677e-02 
2 -7.209661e-02 
3 -3.432200e-02 
4 -1.042168e-02 
5 -1.406046e-02 
6 -5.088627e-02 
7 -1.893358e-02 
8 -4.447549e-02 
9 -7.910656e-02 
10 3.767146e-02 
11 -4.571187e-02 
12 -4.507596e-02 
13 6.489869e-03 
14 -3.319783e-02 
15 -4.697843e-02 
16 8.285142e-02 
17 8.545420e-02 
18 6.436615e-03 
19 -2.518515e-02 
20 1.249639e-01 
21 6.661748e-02 
22 -1.258697e-02 
23 4.603519e-02 
24 9.592531e-02 
25 8.504460e-02 
26 1.069359e-01 
27 1.237770e-01 
28 3.780873e-02 
29 3.776204e-02 
30 -3.209439e-02 
31 -2.533514e-02 
32 -1.315704e-03 
33 -3.650660e-02 
34 -6.664724e-02 
35 -4.264982e-02 
36 -4.033221e-02 
37 -5.170730e-02 
38 -3.814271e-02 
39 -4.217449e-02 
40 -3.815682e-02 
41 -1.722822e-03 
42 -2.098519e-02 
43 4.181559e-02 
44 -4.123820e-03 
45 1.240470e-02 
46 7.674408e-02 
47 7.525615e-02 
48 1.990818e-02 
49 7.575909e-02 
50 1.102937e-01 
51 1.507112e-02 
52 -2.606657e-02 
53 9.428992e-02 
54 6.926942e-02 
55 -3.087056e-02 
56 -1.582709e-02 
57 -5.328055e-02 
58 -6.090532e-02 
59 -6.993960e-02 
60 -4.330354e-02 
61 -7.761288e-02 
62 -6.733723e-02 
63 -8.482092e-02 
64 -4.863984e-02 
65 -3.775162e-02 
66 -1.689380e-02 
67 -2.308265e-02 
68 8.317485e-02 
69 3.118660e-02 
70 2.511775e-02 
71 2.683738e-02 
72 7.289296e-02 
73 3.491417e-02 
74 -2.962947e-03 
75 -1.220138e-02 
76 -4.124236e-02 
77 -3.675519e-02 
78 -3.004791e-02 
79 -5.019286e-02 
80 -6.996716e-02 
81 -3.771638e-02 
82 -7.852382e-02 
83 -8.771609e-02 
84 -7.449955e-02 
85 -2.731730e-02 
86 -4.314200e-02 
87 -2.610240e-02 
88 -1.997379e-03 
89 3.289378e-02 
90 4.590184e-02 
91 2.207768e-02 
92 4.999981e-02 
93 1.060030e-01 
94 6.942930e-02 
95 5.801225e-02 
96 8.886479e-02 
97 1.355881e-01 
98 1.247991e-01 
99 9.783219e-02 
100 5.642704e-02 
101 -2.573498e-02 
102 -7.823343e-02 
103 -8.836828e-02 
104 -8.784272e-02 
105 -2.140448e-02 
106 -8.493616e-02 
107 1.083465e-01 
108 1.932259e-02 
109 1.250854e-01 
110 8.314535e-02 
111 1.100559e-01 
112 2.960929e-02 
113 1.177137e-02 
114 6.360838e-02 
115 -7.375853e-03 
116 -7.695883e-02 
117 -4.326141e-02 
118 2.006992e-02 
119 -1.030997e-01 
120 -9.142294e-02 
121 -9.066767e-02 
122 -7.231317e-02 
123 -3.930509e-02 
124 1.822334e-02 
125 5.939265e-02 
126 1.175289e-01 
127 2.625924e-02 
128 7.285176e-02 
129 -5.859638e-02 
130 -4.508393e-02 
131 -8.729086e-02 
132 -9.191588e-02 
133 -1.429649e-01 
134 -1.238571e-01 
135 -1.266359e-01 
136 -1.528081e-01 
137 -8.551882e-02 
138 -4.382625e-02 
139 -8.046614e-02 
140 -2.200073e-02 
141 -4.277530e-02 
142 -4.038085e-02 
143 -2.230984e-02 
144 -4.130234e-04 
145 8.814971e-02 
146 -8.711558e-03 
147 6.363133e-02 
148 1.249561e-01 
149 5.306436e-02 
150 2.056087e-01 
151 1.860031e-01 
152 7.849065e-02 
153 1.947300e-01 
154 1.147611e-01 
155 1.164152e-01 
156 7.497179e-02 
157 8.267301e-02 
158 1.936218e-02 
159 -2.941427e-02 
160 -1.050264e-01 
161 -8.562585e-02 
162 -7.146837e-02 
163 -8.632030e-02 
164 -1.082368e-01 
165 -1.080369e-01 
166 6.645678e-04 
167 8.450177e-04 
168 -5.027901e-02 
169 -6.339783e-02 
170 1.538261e-02 
171 2.000002e-02 
172 -2.008774e-02 
173 -1.735075e-02 
174 3.444478e-02 
175 5.960949e-02 
176 4.928311e-02 
177 1.873508e-02 
178 4.748266e-02 
179 5.525444e-02 
180 4.219440e-02 
181 3.374875e-02 
182 7.866618e-02 
183 1.381679e-02 
184 3.775273e-02 
185 3.179797e-03 
186 -5.335443e-02 
187 -5.921930e-02 
188 -6.929171e-02 
189 -7.513341e-02 
190 -6.734262e-02 
191 -4.009634e-02 
192 8.675802e-04 
193 -9.694244e-02 
194 9.213365e-02 
195 -9.626880e-03 
196 1.116689e-01 
197 6.614722e-02 
198 1.197125e-01 
199 2.343595e-02 
200 -1.543096e-02 
201 -3.000998e-02 
202 -2.245194e-02 
203 -1.391481e-02 
204 2.096376e-02 
205 -6.036414e-02 
206 -4.123532e-02 
207 -8.244196e-03 
208 -6.380641e-02 
209 -6.197699e-02 
210 -3.228838e-02 
211 -8.960446e-02 
212 -7.842777e-02 
213 -2.302031e-02 
