0 -2.076137e-02 
1 -2.945625e-02 
2 1.657180e-03 
3 3.053915e-02 
4 -3.387530e-02 
5 2.853185e-02 
6 -8.687405e-03 
7 1.134399e-02 
8 2.021218e-02 
9 -7.381080e-03 
10 2.528612e-02 
11 -2.357597e-02 
12 -2.512619e-02 
13 -6.103848e-02 
14 -2.872690e-02 
15 -3.948640e-02 
16 -1.165749e-01 
17 -1.050573e-01 
18 -7.128303e-02 
19 -3.251385e-02 
20 -1.445577e-01 
21 -1.018201e-01 
22 -6.081907e-02 
23 -9.585040e-02 
24 -1.190762e-01 
25 -1.715494e-01 
26 -1.884797e-01 
27 -1.397022e-01 
28 -1.114950e-01 
29 -8.854623e-02 
30 -3.532279e-02 
31 -3.134212e-02 
32 -5.286060e-02 
33 -5.482022e-02 
34 4.415262e-03 
35 3.725553e-03 
36 -4.863695e-02 
37 6.624772e-03 
38 5.014724e-02 
39 1.392205e-02 
40 2.988820e-02 
41 5.334547e-02 
42 5.584425e-02 
43 6.243868e-02 
44 7.207598e-02 
45 8.080971e-02 
46 9.193489e-02 
47 8.800964e-02 
48 7.135460e-02 
49 8.869497e-02 
50 1.048247e-01 
51 9.774602e-02 
52 6.708660e-02 
53 9.051938e-02 
54 9.999243e-02 
55 5.219830e-02 
56 8.267290e-02 
57 4.008943e-02 
58 5.867491e-02 
59 7.286697e-02 
60 2.878870e-02 
61 3.307071e-02 
62 5.728598e-02 
63 2.411145e-02 
64 4.827777e-03 
65 2.640761e-02 
66 -7.280904e-03 
67 -1.964454e-02 
68 6.990147e-05 
69 -2.773383e-02 
70 -1.494272e-01 
71 -4.892478e-02 
72 -3.690250e-02 
73 -1.037021e-01 
74 -1.557102e-01 
75 -1.462647e-01 
76 -1.634112e-01 
77 -1.592105e-01 
78 -1.518386e-01 
79 -1.564910e-01 
80 -9.281198e-02 
81 -8.589937e-02 
82 -5.549776e-02 
83 -6.936861e-02 
84 -8.106375e-02 
85 -1.181434e-02 
86 -2.233368e-02 
87 -2.160109e-02 
88 -7.518737e-03 
89 -4.189215e-03 
90 5.909954e-03 
91 2.225236e-03 
92 5.840574e-03 
93 2.265519e-02 
94 1.193815e-02 
95 1.709504e-02 
96 6.506694e-02 
97 3.235440e-02 
98 1.962812e-02 
99 3.011466e-02 
100 2.328683e-02 
101 5.675749e-02 
102 1.099458e-02 
103 2.136852e-02 
104 3.311827e-02 
105 5.098457e-02 
106 3.765834e-02 
107 9.232942e-02 
108 1.673555e-02 
109 7.491195e-02 
110 3.047371e-02 
111 1.866995e-02 
112 -3.603519e-05 
113 -3.896226e-03 
114 1.696049e-02 
115 8.907994e-03 
116 -2.747472e-02 
117 -3.485840e-03 
118 6.434294e-03 
119 -2.679424e-02 
120 -2.447560e-02 
121 -1.314526e-02 
122 -1.143520e-02 
123 -2.241168e-02 
124 -2.056562e-02 
125 -1.033838e-02 
126 -1.839573e-02 
127 -9.138617e-03 
128 -7.553808e-03 
129 -5.072901e-03 
130 -7.955159e-03 
131 -6.391699e-03 
132 -8.764031e-04 
133 -3.960623e-03 
134 2.377578e-03 
135 3.751149e-03 
136 2.771341e-03 
137 3.424835e-03 
138 3.475306e-02 
139 2.870561e-02 
140 3.770751e-02 
141 2.869098e-02 
142 2.818585e-02 
143 3.392181e-02 
144 2.641749e-02 
145 9.911593e-03 
146 2.556507e-02 
147 3.738503e-03 
148 -1.974225e-03 
149 2.878987e-02 
150 -4.605873e-03 
151 -1.818975e-02 
152 -1.646528e-02 
153 -5.144376e-02 
154 -6.838608e-02 
155 -1.236753e-01 
156 -1.155843e-01 
157 -1.156941e-01 
158 -1.124576e-01 
159 -1.400599e-01 
160 -9.170789e-02 
161 -9.974141e-02 
162 -1.081842e-01 
163 -8.617896e-02 
164 -8.277823e-02 
165 -6.594669e-02 
166 -8.625160e-02 
167 -1.006913e-02 
168 -1.981491e-02 
169 -5.081607e-02 
170 -1.029721e-02 
171 3.567797e-03 
172 -8.964914e-03 
173 -1.251749e-02 
174 2.308018e-02 
175 5.150226e-02 
176 4.225963e-02 
177 5.150657e-02 
178 5.217911e-02 
179 9.821722e-02 
180 6.668554e-02 
181 6.124654e-02 
182 1.086317e-01 
183 1.269760e-01 
184 1.205377e-01 
185 1.274952e-01 
186 1.199304e-01 
187 1.395625e-01 
188 1.331357e-01 
189 1.202130e-01 
190 1.247260e-01 
191 1.278452e-01 
192 1.287855e-01 
193 7.050642e-02 
194 1.134322e-01 
195 5.129921e-02 
196 6.902105e-02 
197 3.783274e-02 
198 5.744288e-02 
199 7.510618e-02 
200 3.934793e-02 
201 1.869052e-02 
202 8.556891e-03 
203 5.085647e-02 
204 5.143487e-02 
205 -2.166151e-02 
206 1.920747e-02 
207 6.972291e-02 
208 1.046983e-02 
209 -1.420329e-02 
210 5.828482e-02 
211 5.087455e-02 
212 1.181801e-02 
213 -4.374062e-03 
