0 3.526180e-02 
1 6.748100e-02 
2 6.285071e-02 
3 7.803771e-02 
4 2.010860e-02 
5 2.888968e-02 
6 2.729980e-02 
7 -9.413300e-03 
8 1.540005e-02 
9 4.821036e-02 
10 -3.691259e-04 
11 1.142239e-02 
12 5.232350e-03 
13 -2.475871e-02 
14 -6.770491e-03 
15 -7.258413e-03 
16 -3.722915e-02 
17 -5.627913e-02 
18 -5.092379e-02 
19 -5.314404e-03 
20 -6.399563e-02 
21 -6.034827e-02 
22 -4.575015e-02 
23 -3.924891e-02 
24 -4.014862e-02 
25 -2.613447e-02 
26 -3.157462e-02 
27 -5.325443e-02 
28 -2.445902e-03 
29 -3.597126e-02 
30 -5.855568e-03 
31 -2.816487e-02 
32 -2.516327e-02 
33 3.084858e-03 
34 -9.159283e-03 
35 -1.232303e-02 
36 2.368362e-03 
37 6.858630e-03 
38 -1.358350e-03 
39 2.552967e-03 
40 3.065169e-03 
41 6.902371e-04 
42 3.010824e-03 
43 5.854619e-03 
44 8.853371e-04 
45 1.934781e-04 
46 -1.166827e-03 
47 -9.724524e-05 
48 2.248893e-03 
49 -4.758807e-03 
50 -5.600950e-03 
51 -7.625276e-03 
52 -7.140085e-03 
53 -7.851073e-03 
54 -8.975282e-03 
55 -1.168398e-02 
56 -9.050857e-03 
57 -6.878516e-03 
58 -3.961297e-03 
59 -1.224735e-02 
60 -2.382314e-02 
61 -6.304314e-03 
62 -4.554897e-03 
63 -7.548078e-03 
64 -1.414612e-02 
65 7.036628e-03 
66 1.255578e-02 
67 1.204221e-02 
68 5.084325e-02 
69 3.274017e-02 
70 3.181057e-02 
71 2.547790e-02 
72 5.200449e-02 
73 3.478442e-02 
74 1.272681e-02 
75 1.791801e-02 
76 1.382857e-02 
77 4.493005e-03 
78 1.610815e-03 
79 6.413662e-03 
80 1.463460e-02 
81 -1.158049e-02 
82 -7.071224e-03 
83 -1.431572e-02 
84 -2.099297e-02 
85 -4.246198e-02 
86 -3.895619e-02 
87 -3.730549e-02 
88 -3.364694e-02 
89 -3.797340e-02 
90 -3.552586e-02 
91 -3.220640e-02 
92 -3.301292e-02 
93 -2.066588e-02 
94 -8.317332e-03 
95 1.278792e-02 
96 -1.995781e-02 
97 4.770466e-02 
98 9.056809e-02 
99 7.897584e-02 
100 9.905613e-02 
101 9.894560e-02 
102 1.124744e-01 
103 1.017711e-01 
104 1.139322e-01 
105 6.241581e-02 
106 8.847748e-02 
107 -6.360464e-03 
108 2.462875e-02 
109 -3.636256e-02 
110 1.860760e-02 
111 -3.041599e-03 
112 -5.859283e-02 
113 1.242612e-02 
114 3.119219e-02 
115 2.135350e-02 
116 1.997936e-02 
117 6.069473e-02 
118 2.280975e-02 
119 6.399250e-02 
120 6.271325e-02 
121 9.315972e-02 
122 7.807768e-02 
123 1.244109e-01 
124 1.119271e-01 
125 1.253522e-01 
126 1.339858e-01 
127 1.111027e-01 
128 1.112740e-01 
129 9.260809e-02 
130 9.261310e-02 
131 1.092642e-01 
132 5.923145e-02 
133 9.049883e-02 
134 2.088335e-02 
135 1.641211e-02 
136 3.475303e-02 
137 2.345072e-02 
138 -1.829638e-01 
139 -1.975216e-01 
140 -2.257557e-01 
141 -2.201850e-01 
142 -1.893165e-01 
143 -2.481556e-01 
144 -1.934577e-01 
145 -3.428983e-02 
146 -1.972664e-01 
147 -3.180438e-02 
148 6.230947e-02 
149 -1.200761e-01 
150 6.816678e-02 
151 8.082798e-02 
152 9.593310e-02 
153 1.249615e-01 
154 1.074991e-01 
155 8.208238e-02 
156 8.244999e-02 
157 6.089961e-02 
158 3.614116e-02 
159 4.847744e-02 
160 6.858167e-03 
161 -1.705570e-03 
162 -1.583867e-02 
163 1.579106e-02 
164 -2.367518e-02 
165 -6.634810e-02 
166 -2.388253e-02 
167 -5.803445e-02 
168 -1.410018e-01 
169 -1.442125e-01 
170 -7.520577e-02 
171 -1.347304e-01 
172 -1.711002e-01 
173 -1.761757e-01 
174 -1.369488e-01 
175 -1.332210e-01 
176 -1.051908e-01 
177 -4.685589e-02 
178 -6.442709e-02 
179 -5.981876e-02 
180 -2.840146e-02 
181 -1.318041e-02 
182 -6.366731e-02 
183 1.171400e-02 
184 2.917897e-02 
185 4.105815e-02 
186 5.497162e-02 
187 6.997133e-02 
188 8.441954e-02 
189 7.139759e-02 
190 6.706959e-02 
191 7.536218e-02 
192 4.062933e-02 
193 6.626560e-02 
194 -1.077850e-02 
195 3.017569e-02 
196 4.232601e-04 
197 1.899241e-02 
198 8.274172e-03 
199 -7.361995e-03 
200 -1.900857e-02 
201 -1.502917e-02 
202 -2.768598e-02 
203 -1.808479e-02 
204 3.268575e-03 
205 -2.798661e-02 
206 -2.191483e-02 
207 -4.220614e-03 
208 1.980341e-02 
209 -1.814687e-02 
210 -6.367900e-03 
211 3.735158e-02 
212 2.308481e-02 
213 -8.832542e-03 
