0 4.221661e-02 
1 7.304487e-02 
2 2.598745e-02 
3 8.906108e-02 
4 1.057424e-02 
5 4.712212e-02 
6 -7.989159e-03 
7 -1.852081e-02 
8 -3.767051e-02 
9 -2.098874e-02 
10 -1.986825e-02 
11 -3.852562e-02 
12 -2.881351e-02 
13 -3.046661e-02 
14 -5.280184e-02 
15 -6.268547e-02 
16 6.824278e-03 
17 -2.737609e-02 
18 -8.159676e-02 
19 -2.585758e-03 
20 -9.717175e-03 
21 -4.353403e-02 
22 -7.191060e-02 
23 -2.074937e-02 
24 1.515959e-03 
25 3.975082e-02 
26 3.529341e-02 
27 1.771170e-04 
28 2.054944e-02 
29 5.518846e-03 
30 9.126757e-03 
31 1.036729e-02 
32 -1.603907e-02 
33 -1.700835e-02 
34 -3.101520e-02 
35 -4.361107e-02 
36 -3.129018e-02 
37 -6.209071e-02 
38 -8.765656e-02 
39 -6.039836e-02 
40 -8.051844e-02 
41 -8.568539e-02 
42 -9.577915e-02 
43 -8.450574e-02 
44 -8.761941e-02 
45 -1.100218e-01 
46 -1.072636e-01 
47 -9.444208e-02 
48 -8.399634e-02 
49 -9.730647e-02 
50 -1.043652e-01 
51 -8.790642e-02 
52 -6.256800e-02 
53 -8.089537e-02 
54 -9.070347e-02 
55 -3.041103e-02 
56 -6.716805e-02 
57 -3.720227e-02 
58 -2.871155e-02 
59 -4.131040e-02 
60 4.342988e-02 
61 -6.206225e-03 
62 -3.454296e-02 
63 1.570394e-03 
64 6.244447e-02 
65 -9.783030e-04 
66 -2.300909e-02 
67 2.905829e-02 
68 4.837429e-02 
69 -4.483198e-03 
70 3.772491e-02 
71 2.270469e-02 
72 3.333100e-02 
73 3.339441e-02 
74 4.956690e-02 
75 5.179147e-02 
76 6.883621e-02 
77 7.335039e-02 
78 6.707971e-02 
79 7.540916e-02 
80 8.435846e-02 
81 5.619388e-02 
82 1.010857e-01 
83 8.820767e-02 
84 1.098559e-01 
85 1.364512e-01 
86 1.145480e-01 
87 1.028114e-01 
88 1.163448e-01 
89 1.111572e-01 
90 1.126208e-01 
91 1.082870e-01 
92 1.117201e-01 
93 1.197602e-01 
94 1.001757e-01 
95 1.100301e-01 
96 1.269749e-01 
97 1.123923e-01 
98 1.030349e-01 
99 1.086618e-01 
100 1.069449e-01 
101 1.153132e-01 
102 1.112997e-01 
103 8.101064e-02 
104 4.524985e-02 
105 8.147400e-02 
106 -5.493624e-04 
107 5.983986e-02 
108 -6.006511e-02 
109 -2.072040e-03 
110 -6.918366e-02 
111 -6.984488e-02 
112 -3.234594e-02 
113 -4.969406e-02 
114 -8.169066e-02 
115 -4.982326e-02 
116 -3.687963e-02 
117 -5.979904e-02 
118 -5.655969e-02 
119 -3.602263e-02 
120 -3.187495e-02 
121 -3.396659e-02 
122 -1.934459e-02 
123 -2.043446e-02 
124 -1.629803e-02 
125 -1.401155e-02 
126 -1.220122e-02 
127 -1.398661e-02 
128 -1.198794e-02 
129 -1.271995e-02 
130 -1.793268e-02 
131 -1.701636e-02 
132 -1.137866e-02 
133 -1.841413e-02 
134 -7.361801e-03 
135 -1.696275e-02 
136 -9.916666e-03 
137 -4.164336e-03 
138 3.157752e-02 
139 1.467898e-02 
140 1.607750e-02 
141 1.383081e-02 
142 1.981033e-02 
143 2.108679e-02 
144 1.583577e-02 
145 4.057130e-03 
146 1.287275e-02 
147 4.455078e-04 
148 -3.674222e-03 
149 3.446698e-02 
150 2.538553e-03 
151 -3.375000e-03 
152 1.327837e-03 
153 -1.160894e-02 
154 -1.603288e-02 
155 -2.437152e-02 
156 -2.435105e-02 
157 -2.700100e-02 
158 -2.013668e-02 
159 -2.650947e-02 
160 -2.282372e-02 
161 -1.716220e-02 
162 -1.311705e-02 
163 -2.428028e-02 
164 -2.125524e-02 
165 1.056828e-03 
166 -5.659566e-03 
167 1.455670e-02 
168 2.342012e-02 
169 1.933420e-02 
170 1.628825e-02 
171 1.997548e-02 
172 3.272323e-02 
173 3.851395e-02 
174 5.541609e-02 
175 6.676302e-02 
176 6.157931e-02 
177 8.287219e-02 
178 6.918693e-02 
179 1.026235e-01 
180 1.084246e-01 
181 7.842967e-02 
182 9.583330e-02 
183 1.320752e-01 
184 1.448674e-01 
185 1.159780e-01 
186 1.068435e-01 
187 1.357167e-01 
188 1.338688e-01 
189 1.135426e-01 
190 1.180780e-01 
191 1.431489e-01 
192 1.212385e-01 
193 2.993004e-02 
194 5.423696e-02 
195 -6.488649e-02 
196 -9.614238e-02 
197 -8.686509e-02 
198 -1.118404e-01 
199 -1.603094e-01 
200 -1.339910e-01 
201 -1.050011e-01 
202 -1.117369e-01 
203 -1.455850e-01 
204 -1.163250e-01 
205 -1.025371e-01 
206 -9.454372e-02 
207 -1.374483e-01 
208 -6.341563e-02 
209 -6.494096e-02 
210 -4.216315e-02 
211 -5.012769e-02 
212 -1.724306e-02 
213 -2.531424e-02 
