0 	3 
1 	3 
2 	3 
3 	1 
4 	3 
5 	1 
6 	4 
7 	4 
8 	4 
9 	4 
10 	4 
11 	4 
12 	3 
13 	3 
14 	3 
15 	3 
16 	3 
17 	3 
18 	3 
19 	3 
20 	3 
21 	3 
22 	3 
23 	3 
24 	3 
25 	3 
26 	3 
27 	3 
28 	8 
29 	3 
30 	8 
31 	3 
32 	3 
33 	8 
34 	2 
35 	2 
36 	8 
37 	2 
38 	2 
39 	2 
40 	2 
41 	2 
42 	2 
43 	2 
44 	2 
45 	2 
46 	2 
47 	2 
48 	2 
49 	2 
50 	2 
51 	2 
52 	2 
53 	2 
54 	2 
55 	2 
56 	2 
57 	2 
58 	2 
59 	2 
60 	5 
61 	2 
62 	2 
63 	5 
64 	5 
65 	2 
66 	8 
67 	8 
68 	8 
69 	8 
70 	8 
71 	8 
72 	8 
73 	8 
74 	8 
75 	8 
76 	8 
77 	8 
78 	8 
79 	8 
80 	3 
81 	3 
82 	5 
83 	5 
84 	5 
85 	5 
86 	5 
87 	5 
88 	5 
89 	5 
90 	5 
91 	5 
92 	5 
93 	5 
94 	5 
95 	5 
96 	5 
97 	5 
98 	5 
99 	5 
100 	5 
101 	1 
102 	1 
103 	1 
104 	1 
105 	1 
106 	7 
107 	1 
108 	4 
109 	4 
110 	4 
111 	4 
112 	4 
113 	4 
114 	4 
115 	4 
116 	4 
117 	4 
118 	4 
119 	4 
120 	4 
121 	4 
122 	4 
123 	0 
124 	0 
125 	0 
126 	0 
127 	0 
128 	0 
129 	0 
130 	0 
131 	0 
132 	0 
133 	0 
134 	0 
135 	0 
136 	0 
137 	0 
138 	0 
139 	0 
140 	0 
141 	0 
142 	0 
143 	0 
144 	0 
145 	0 
146 	0 
147 	0 
148 	0 
149 	0 
150 	0 
151 	0 
152 	6 
153 	6 
154 	6 
155 	6 
156 	6 
157 	6 
158 	6 
159 	6 
160 	6 
161 	6 
162 	6 
163 	6 
164 	6 
165 	6 
166 	6 
167 	6 
168 	6 
169 	6 
170 	6 
171 	4 
172 	6 
173 	6 
174 	1 
175 	1 
176 	1 
177 	1 
178 	1 
179 	1 
180 	1 
181 	1 
182 	1 
183 	1 
184 	1 
185 	1 
186 	1 
187 	1 
188 	1 
189 	1 
190 	1 
191 	1 
192 	1 
193 	1 
194 	1 
195 	7 
196 	7 
197 	4 
198 	7 
199 	7 
200 	7 
201 	7 
202 	7 
203 	7 
204 	7 
205 	7 
206 	7 
207 	7 
208 	7 
209 	7 
210 	7 
211 	7 
212 	7 
213 	7 
