0 	8 
1 	8 
2 	8 
3 	8 
4 	12 
5 	8 
6 	7 
7 	7 
8 	7 
9 	7 
10 	7 
11 	7 
12 	7 
13 	7 
14 	7 
15 	5 
16 	12 
17 	12 
18 	5 
19 	5 
20 	12 
21 	12 
22 	5 
23 	5 
24 	12 
25 	12 
26 	12 
27 	12 
28 	10 
29 	12 
30 	0 
31 	0 
32 	0 
33 	0 
34 	0 
35 	0 
36 	0 
37 	0 
38 	0 
39 	0 
40 	0 
41 	0 
42 	0 
43 	11 
44 	11 
45 	11 
46 	11 
47 	11 
48 	11 
49 	11 
50 	11 
51 	11 
52 	4 
53 	11 
54 	11 
55 	4 
56 	4 
57 	4 
58 	4 
59 	4 
60 	4 
61 	4 
62 	4 
63 	4 
64 	4 
65 	4 
66 	0 
67 	4 
68 	18 
69 	10 
70 	10 
71 	10 
72 	18 
73 	10 
74 	10 
75 	10 
76 	10 
77 	10 
78 	10 
79 	10 
80 	8 
81 	12 
82 	2 
83 	2 
84 	2 
85 	2 
86 	2 
87 	2 
88 	2 
89 	2 
90 	2 
91 	2 
92 	2 
93 	2 
94 	2 
95 	2 
96 	18 
97 	18 
98 	18 
99 	18 
100 	18 
101 	8 
102 	8 
103 	8 
104 	8 
105 	8 
106 	8 
107 	13 
108 	13 
109 	13 
110 	13 
111 	16 
112 	16 
113 	16 
114 	16 
115 	7 
116 	16 
117 	16 
118 	7 
119 	7 
120 	16 
121 	16 
122 	7 
123 	3 
124 	3 
125 	3 
126 	3 
127 	3 
128 	3 
129 	15 
130 	15 
131 	15 
132 	15 
133 	15 
134 	15 
135 	15 
136 	15 
137 	15 
138 	14 
139 	14 
140 	14 
141 	14 
142 	14 
143 	14 
144 	14 
145 	3 
146 	14 
147 	3 
148 	3 
149 	14 
150 	3 
151 	3 
152 	3 
153 	3 
154 	6 
155 	6 
156 	6 
157 	6 
158 	6 
159 	6 
160 	6 
161 	6 
162 	6 
163 	6 
164 	6 
165 	6 
166 	6 
167 	9 
168 	9 
169 	9 
170 	9 
171 	9 
172 	9 
173 	9 
174 	9 
175 	9 
176 	9 
177 	9 
178 	9 
179 	1 
180 	1 
181 	1 
182 	1 
183 	1 
184 	1 
185 	1 
186 	1 
187 	1 
188 	1 
189 	1 
190 	1 
191 	1 
192 	1 
193 	5 
194 	13 
195 	13 
196 	13 
197 	13 
198 	13 
199 	17 
200 	17 
201 	17 
202 	17 
203 	17 
204 	17 
205 	5 
206 	17 
207 	17 
208 	5 
209 	5 
210 	5 
211 	5 
212 	5 
213 	5 
