0 	3 
1 	3 
2 	3 
3 	3 
4 	3 
5 	3 
6 	1 
7 	1 
8 	1 
9 	1 
10 	1 
11 	1 
12 	4 
13 	4 
14 	4 
15 	4 
16 	4 
17 	4 
18 	4 
19 	4 
20 	4 
21 	4 
22 	4 
23 	4 
24 	4 
25 	12 
26 	12 
27 	4 
28 	12 
29 	4 
30 	11 
31 	4 
32 	4 
33 	10 
34 	10 
35 	10 
36 	10 
37 	10 
38 	10 
39 	10 
40 	10 
41 	10 
42 	10 
43 	10 
44 	10 
45 	10 
46 	5 
47 	5 
48 	5 
49 	5 
50 	5 
51 	5 
52 	5 
53 	5 
54 	5 
55 	5 
56 	5 
57 	5 
58 	5 
59 	5 
60 	7 
61 	5 
62 	5 
63 	11 
64 	7 
65 	11 
66 	11 
67 	11 
68 	11 
69 	11 
70 	11 
71 	11 
72 	11 
73 	11 
74 	12 
75 	12 
76 	12 
77 	12 
78 	12 
79 	12 
80 	12 
81 	12 
82 	7 
83 	7 
84 	7 
85 	7 
86 	7 
87 	7 
88 	7 
89 	7 
90 	7 
91 	7 
92 	7 
93 	7 
94 	7 
95 	7 
96 	13 
97 	11 
98 	3 
99 	3 
100 	3 
101 	3 
102 	3 
103 	3 
104 	3 
105 	3 
106 	3 
107 	6 
108 	1 
109 	1 
110 	1 
111 	1 
112 	1 
113 	1 
114 	1 
115 	1 
116 	1 
117 	1 
118 	1 
119 	1 
120 	1 
121 	0 
122 	0 
123 	0 
124 	0 
125 	0 
126 	0 
127 	0 
128 	0 
129 	0 
130 	0 
131 	0 
132 	0 
133 	0 
134 	0 
135 	0 
136 	0 
137 	0 
138 	13 
139 	13 
140 	13 
141 	13 
142 	13 
143 	13 
144 	13 
145 	0 
146 	13 
147 	0 
148 	0 
149 	13 
150 	0 
151 	0 
152 	3 
153 	8 
154 	8 
155 	8 
156 	8 
157 	8 
158 	8 
159 	8 
160 	8 
161 	8 
162 	8 
163 	8 
164 	8 
165 	9 
166 	8 
167 	9 
168 	9 
169 	9 
170 	9 
171 	9 
172 	9 
173 	9 
174 	9 
175 	9 
176 	9 
177 	9 
178 	9 
179 	6 
180 	6 
181 	6 
182 	6 
183 	6 
184 	6 
185 	6 
186 	6 
187 	6 
188 	6 
189 	6 
190 	6 
191 	6 
192 	6 
193 	3 
194 	6 
195 	2 
196 	2 
197 	1 
198 	2 
199 	2 
200 	2 
201 	2 
202 	2 
203 	2 
204 	2 
205 	2 
206 	2 
207 	2 
208 	2 
209 	2 
210 	2 
211 	2 
212 	2 
213 	2 
