0 	0 
1 	0 
2 	0 
3 	0 
4 	0 
5 	0 
6 	0 
7 	2 
8 	1 
9 	3 
10 	0 
11 	0 
12 	0 
13 	0 
14 	0 
15 	0 
16 	0 
17 	0 
18 	0 
19 	0 
20 	0 
21 	0 
22 	0 
23 	0 
24 	0 
25 	0 
26 	0 
27 	0 
28 	1 
29 	1 
30 	1 
31 	1 
32 	1 
33 	1 
34 	1 
35 	1 
36 	1 
37 	1 
38 	1 
39 	1 
40 	1 
41 	1 
42 	1 
43 	1 
44 	1 
45 	1 
46 	1 
47 	1 
48 	1 
49 	1 
50 	1 
51 	1 
52 	1 
53 	1 
54 	1 
55 	1 
56 	1 
57 	1 
58 	1 
59 	1 
60 	1 
61 	1 
62 	1 
63 	1 
64 	1 
65 	1 
66 	1 
67 	1 
68 	1 
69 	1 
70 	1 
71 	1 
72 	1 
73 	1 
74 	1 
75 	1 
76 	1 
77 	1 
78 	1 
79 	1 
80 	0 
81 	0 
82 	1 
83 	1 
84 	1 
85 	1 
86 	1 
87 	1 
88 	1 
89 	1 
90 	1 
91 	1 
92 	1 
93 	1 
94 	1 
95 	1 
96 	0 
97 	1 
98 	1 
99 	1 
100 	0 
101 	0 
102 	0 
103 	0 
104 	0 
105 	0 
106 	0 
107 	0 
108 	0 
109 	0 
110 	0 
111 	2 
112 	2 
113 	2 
114 	2 
115 	2 
116 	2 
117 	2 
118 	0 
119 	2 
120 	2 
121 	3 
122 	3 
123 	3 
124 	3 
125 	3 
126 	3 
127 	3 
128 	3 
129 	3 
130 	3 
131 	3 
132 	3 
133 	3 
134 	3 
135 	3 
136 	3 
137 	3 
138 	3 
139 	3 
140 	3 
141 	3 
142 	3 
143 	3 
144 	3 
145 	3 
146 	3 
147 	3 
148 	3 
149 	3 
150 	3 
151 	3 
152 	3 
153 	3 
154 	2 
155 	2 
156 	2 
157 	2 
158 	2 
159 	2 
160 	2 
161 	2 
162 	2 
163 	2 
164 	2 
165 	2 
166 	2 
167 	2 
168 	2 
169 	2 
170 	2 
171 	2 
172 	2 
173 	2 
174 	2 
175 	2 
176 	2 
177 	2 
178 	2 
179 	2 
180 	2 
181 	2 
182 	2 
183 	0 
184 	0 
185 	0 
186 	0 
187 	0 
188 	0 
189 	0 
190 	0 
191 	0 
192 	0 
193 	0 
194 	0 
195 	0 
196 	0 
197 	0 
198 	0 
199 	0 
200 	0 
201 	0 
202 	0 
203 	0 
204 	0 
205 	0 
206 	0 
207 	0 
208 	0 
209 	0 
210 	0 
211 	0 
212 	0 
213 	0 
