0 	2 
1 	2 
2 	2 
3 	0 
4 	2 
5 	0 
6 	3 
7 	3 
8 	3 
9 	3 
10 	3 
11 	3 
12 	2 
13 	2 
14 	2 
15 	2 
16 	2 
17 	2 
18 	2 
19 	2 
20 	2 
21 	2 
22 	2 
23 	2 
24 	2 
25 	2 
26 	2 
27 	2 
28 	7 
29 	2 
30 	7 
31 	2 
32 	2 
33 	7 
34 	1 
35 	1 
36 	7 
37 	1 
38 	1 
39 	1 
40 	1 
41 	1 
42 	1 
43 	1 
44 	1 
45 	1 
46 	1 
47 	1 
48 	1 
49 	1 
50 	1 
51 	1 
52 	1 
53 	1 
54 	1 
55 	1 
56 	1 
57 	1 
58 	1 
59 	1 
60 	6 
61 	1 
62 	1 
63 	1 
64 	6 
65 	1 
66 	7 
67 	7 
68 	7 
69 	7 
70 	7 
71 	7 
72 	7 
73 	7 
74 	7 
75 	7 
76 	7 
77 	7 
78 	7 
79 	7 
80 	2 
81 	2 
82 	6 
83 	6 
84 	6 
85 	6 
86 	6 
87 	6 
88 	6 
89 	6 
90 	6 
91 	6 
92 	6 
93 	6 
94 	6 
95 	6 
96 	6 
97 	6 
98 	6 
99 	6 
100 	0 
101 	0 
102 	0 
103 	0 
104 	0 
105 	0 
106 	0 
107 	0 
108 	3 
109 	3 
110 	3 
111 	3 
112 	3 
113 	3 
114 	3 
115 	3 
116 	3 
117 	3 
118 	3 
119 	3 
120 	3 
121 	3 
122 	4 
123 	4 
124 	4 
125 	4 
126 	4 
127 	4 
128 	4 
129 	4 
130 	4 
131 	4 
132 	4 
133 	4 
134 	4 
135 	4 
136 	4 
137 	4 
138 	9 
139 	9 
140 	9 
141 	9 
142 	9 
143 	9 
144 	9 
145 	9 
146 	9 
147 	9 
148 	4 
149 	9 
150 	4 
151 	4 
152 	4 
153 	4 
154 	5 
155 	5 
156 	5 
157 	5 
158 	5 
159 	5 
160 	5 
161 	5 
162 	5 
163 	5 
164 	5 
165 	5 
166 	5 
167 	5 
168 	5 
169 	5 
170 	5 
171 	3 
172 	5 
173 	5 
174 	5 
175 	0 
176 	0 
177 	0 
178 	0 
179 	0 
180 	0 
181 	0 
182 	0 
183 	0 
184 	0 
185 	0 
186 	0 
187 	0 
188 	0 
189 	0 
190 	0 
191 	0 
192 	0 
193 	0 
194 	0 
195 	8 
196 	8 
197 	3 
198 	8 
199 	8 
200 	8 
201 	8 
202 	8 
203 	8 
204 	8 
205 	8 
206 	8 
207 	8 
208 	8 
209 	8 
210 	8 
211 	8 
212 	8 
213 	8 
