1 9 
2 9 
3 9 
4 9 
5 13 
6 9 
7 8 
8 8 
9 8 
10 8 
11 8 
12 8 
13 8 
14 8 
15 8 
16 6 
17 13 
18 13 
19 6 
20 6 
21 13 
22 13 
23 6 
24 6 
25 13 
26 13 
27 13 
28 13 
29 11 
30 13 
31 1 
32 1 
33 1 
34 1 
35 1 
36 1 
37 1 
38 1 
39 1 
40 1 
41 1 
42 1 
43 1 
44 12 
45 12 
46 12 
47 12 
48 12 
49 12 
50 12 
51 12 
52 12 
53 5 
54 12 
55 12 
56 5 
57 5 
58 5 
59 5 
60 5 
61 5 
62 5 
63 5 
64 5 
65 5 
66 5 
67 1 
68 5 
69 19 
70 11 
71 11 
72 11 
73 19 
74 11 
75 11 
76 11 
77 11 
78 11 
79 11 
80 11 
81 9 
82 13 
83 3 
84 3 
85 3 
86 3 
87 3 
88 3 
89 3 
90 3 
91 3 
92 3 
93 3 
94 3 
95 3 
96 3 
97 19 
98 19 
99 19 
100 19 
101 19 
102 9 
103 9 
104 9 
105 9 
106 9 
107 9 
108 14 
109 14 
110 14 
111 14 
112 17 
113 17 
114 17 
115 17 
116 8 
117 17 
118 17 
119 8 
120 8 
121 17 
122 17 
123 8 
124 4 
125 4 
126 4 
127 4 
128 4 
129 4 
130 16 
131 16 
132 16 
133 16 
134 16 
135 16 
136 16 
137 16 
138 16 
139 15 
140 15 
141 15 
142 15 
143 15 
144 15 
145 15 
146 4 
147 15 
148 4 
149 4 
150 15 
151 4 
152 4 
153 4 
154 4 
155 7 
156 7 
157 7 
158 7 
159 7 
160 7 
161 7 
162 7 
163 7 
164 7 
165 7 
166 7 
167 7 
168 10 
169 10 
170 10 
171 10 
172 10 
173 10 
174 10 
175 10 
176 10 
177 10 
178 10 
179 10 
180 2 
181 2 
182 2 
183 2 
184 2 
185 2 
186 2 
187 2 
188 2 
189 2 
190 2 
191 2 
192 2 
193 2 
194 6 
195 14 
196 14 
197 14 
198 14 
199 14 
200 18 
201 18 
202 18 
203 18 
204 18 
205 18 
206 6 
207 18 
208 18 
209 6 
210 6 
211 6 
212 6 
213 6 
214 6 
