1 3 
2 3 
3 3 
4 1 
5 3 
6 1 
7 4 
8 4 
9 4 
10 4 
11 4 
12 4 
13 3 
14 3 
15 3 
16 3 
17 3 
18 3 
19 3 
20 3 
21 3 
22 3 
23 3 
24 3 
25 3 
26 3 
27 3 
28 3 
29 8 
30 3 
31 8 
32 3 
33 3 
34 8 
35 2 
36 2 
37 8 
38 2 
39 2 
40 2 
41 2 
42 2 
43 2 
44 2 
45 2 
46 2 
47 2 
48 2 
49 2 
50 2 
51 2 
52 2 
53 2 
54 2 
55 2 
56 2 
57 2 
58 2 
59 2 
60 2 
61 7 
62 2 
63 2 
64 2 
65 7 
66 2 
67 8 
68 8 
69 8 
70 8 
71 8 
72 8 
73 8 
74 8 
75 8 
76 8 
77 8 
78 8 
79 8 
80 8 
81 3 
82 3 
83 7 
84 7 
85 7 
86 7 
87 7 
88 7 
89 7 
90 7 
91 7 
92 7 
93 7 
94 7 
95 7 
96 7 
97 7 
98 7 
99 7 
100 7 
101 1 
102 1 
103 1 
104 1 
105 1 
106 1 
107 1 
108 1 
109 4 
110 4 
111 4 
112 4 
113 4 
114 4 
115 4 
116 4 
117 4 
118 4 
119 4 
120 4 
121 4 
122 4 
123 5 
124 5 
125 5 
126 5 
127 5 
128 5 
129 5 
130 5 
131 5 
132 5 
133 5 
134 5 
135 5 
136 5 
137 5 
138 5 
139 10 
140 10 
141 10 
142 10 
143 10 
144 10 
145 10 
146 10 
147 10 
148 10 
149 5 
150 10 
151 5 
152 5 
153 5 
154 5 
155 6 
156 6 
157 6 
158 6 
159 6 
160 6 
161 6 
162 6 
163 6 
164 6 
165 6 
166 6 
167 6 
168 6 
169 6 
170 6 
171 6 
172 4 
173 6 
174 6 
175 6 
176 1 
177 1 
178 1 
179 1 
180 1 
181 1 
182 1 
183 1 
184 1 
185 1 
186 1 
187 1 
188 1 
189 1 
190 1 
191 1 
192 1 
193 1 
194 1 
195 1 
196 9 
197 9 
198 4 
199 9 
200 9 
201 9 
202 9 
203 9 
204 9 
205 9 
206 9 
207 9 
208 9 
209 9 
210 9 
211 9 
212 9 
213 9 
214 9 
