1 8 
2 8 
3 8 
4 8 
5 4 
6 8 
7 5 
8 5 
9 5 
10 5 
11 5 
12 5 
13 5 
14 4 
15 4 
16 4 
17 4 
18 4 
19 4 
20 4 
21 4 
22 4 
23 4 
24 4 
25 4 
26 4 
27 4 
28 4 
29 6 
30 4 
31 6 
32 4 
33 4 
34 6 
35 1 
36 1 
37 6 
38 1 
39 1 
40 1 
41 1 
42 1 
43 1 
44 1 
45 1 
46 1 
47 1 
48 1 
49 1 
50 1 
51 1 
52 1 
53 1 
54 1 
55 1 
56 1 
57 1 
58 1 
59 1 
60 1 
61 9 
62 1 
63 1 
64 1 
65 9 
66 1 
67 6 
68 6 
69 6 
70 6 
71 6 
72 6 
73 6 
74 6 
75 6 
76 6 
77 6 
78 6 
79 6 
80 6 
81 4 
82 4 
83 9 
84 9 
85 9 
86 9 
87 9 
88 9 
89 9 
90 9 
91 9 
92 9 
93 9 
94 9 
95 9 
96 9 
97 8 
98 8 
99 8 
100 8 
101 8 
102 8 
103 8 
104 8 
105 8 
106 8 
107 8 
108 2 
109 5 
110 5 
111 5 
112 5 
113 5 
114 5 
115 5 
116 5 
117 5 
118 5 
119 5 
120 5 
121 5 
122 3 
123 3 
124 3 
125 3 
126 3 
127 3 
128 3 
129 3 
130 3 
131 3 
132 3 
133 3 
134 3 
135 3 
136 3 
137 3 
138 3 
139 11 
140 11 
141 11 
142 11 
143 11 
144 11 
145 11 
146 3 
147 11 
148 3 
149 3 
150 11 
151 3 
152 3 
153 3 
154 3 
155 10 
156 10 
157 10 
158 10 
159 10 
160 10 
161 10 
162 10 
163 10 
164 10 
165 10 
166 10 
167 10 
168 2 
169 2 
170 10 
171 2 
172 2 
173 2 
174 2 
175 2 
176 2 
177 2 
178 2 
179 2 
180 2 
181 2 
182 2 
183 2 
184 2 
185 2 
186 2 
187 2 
188 2 
189 2 
190 2 
191 2 
192 2 
193 2 
194 8 
195 2 
196 7 
197 7 
198 5 
199 7 
200 7 
201 7 
202 7 
203 7 
204 7 
205 7 
206 7 
207 7 
208 7 
209 7 
210 7 
211 7 
212 7 
213 7 
214 7 
