1 2 
2 2 
3 2 
4 2 
5 2 
6 2 
7 10 
8 10 
9 10 
10 10 
11 10 
12 10 
13 10 
14 10 
15 10 
16 4 
17 13 
18 13 
19 13 
20 4 
21 13 
22 13 
23 4 
24 13 
25 13 
26 13 
27 13 
28 13 
29 16 
30 13 
31 3 
32 3 
33 3 
34 3 
35 3 
36 3 
37 3 
38 3 
39 3 
40 3 
41 3 
42 3 
43 3 
44 12 
45 12 
46 12 
47 12 
48 12 
49 12 
50 12 
51 12 
52 12 
53 5 
54 12 
55 12 
56 5 
57 5 
58 5 
59 5 
60 5 
61 5 
62 5 
63 5 
64 5 
65 5 
66 5 
67 3 
68 5 
69 18 
70 18 
71 16 
72 16 
73 18 
74 16 
75 16 
76 16 
77 16 
78 16 
79 16 
80 16 
81 2 
82 2 
83 2 
84 2 
85 11 
86 11 
87 11 
88 11 
89 11 
90 11 
91 11 
92 11 
93 11 
94 11 
95 11 
96 11 
97 18 
98 18 
99 18 
100 18 
101 18 
102 2 
103 2 
104 2 
105 2 
106 2 
107 4 
108 1 
109 4 
110 14 
111 14 
112 14 
113 14 
114 14 
115 14 
116 10 
117 14 
118 14 
119 10 
120 10 
121 14 
122 8 
123 8 
124 8 
125 9 
126 9 
127 9 
128 9 
129 9 
130 8 
131 8 
132 8 
133 8 
134 8 
135 8 
136 8 
137 8 
138 8 
139 17 
140 17 
141 17 
142 17 
143 17 
144 17 
145 17 
146 9 
147 17 
148 9 
149 9 
150 17 
151 9 
152 9 
153 9 
154 9 
155 7 
156 7 
157 7 
158 7 
159 7 
160 7 
161 7 
162 7 
163 7 
164 7 
165 7 
166 6 
167 7 
168 6 
169 6 
170 6 
171 6 
172 6 
173 6 
174 6 
175 6 
176 6 
177 6 
178 6 
179 6 
180 1 
181 1 
182 1 
183 1 
184 1 
185 1 
186 1 
187 1 
188 1 
189 1 
190 1 
191 1 
192 1 
193 1 
194 4 
195 1 
196 4 
197 15 
198 14 
199 14 
200 15 
201 15 
202 15 
203 15 
204 15 
205 15 
206 4 
207 15 
208 15 
209 4 
210 4 
211 15 
212 4 
213 4 
214 4 
