1 1 
2 1 
3 1 
4 1 
5 1 
6 1 
7 1 
8 3 
9 2 
10 4 
11 1 
12 1 
13 1 
14 1 
15 1 
16 1 
17 1 
18 1 
19 1 
20 1 
21 1 
22 1 
23 1 
24 1 
25 1 
26 1 
27 1 
28 1 
29 2 
30 2 
31 2 
32 2 
33 2 
34 2 
35 2 
36 2 
37 2 
38 2 
39 2 
40 2 
41 2 
42 2 
43 2 
44 2 
45 2 
46 2 
47 2 
48 2 
49 2 
50 2 
51 2 
52 2 
53 2 
54 2 
55 2 
56 2 
57 2 
58 2 
59 2 
60 2 
61 2 
62 2 
63 2 
64 2 
65 2 
66 2 
67 2 
68 2 
69 2 
70 2 
71 2 
72 2 
73 2 
74 2 
75 2 
76 2 
77 2 
78 2 
79 2 
80 2 
81 1 
82 1 
83 2 
84 2 
85 2 
86 2 
87 2 
88 2 
89 2 
90 2 
91 2 
92 2 
93 2 
94 2 
95 2 
96 2 
97 1 
98 2 
99 2 
100 2 
101 1 
102 1 
103 1 
104 1 
105 1 
106 1 
107 1 
108 1 
109 1 
110 1 
111 1 
112 3 
113 3 
114 3 
115 3 
116 3 
117 3 
118 3 
119 1 
120 3 
121 3 
122 4 
123 4 
124 4 
125 4 
126 4 
127 4 
128 4 
129 4 
130 4 
131 4 
132 4 
133 4 
134 4 
135 4 
136 4 
137 4 
138 4 
139 4 
140 4 
141 4 
142 4 
143 4 
144 4 
145 4 
146 4 
147 4 
148 4 
149 4 
150 4 
151 4 
152 4 
153 4 
154 4 
155 3 
156 3 
157 3 
158 3 
159 3 
160 3 
161 3 
162 3 
163 3 
164 3 
165 3 
166 3 
167 3 
168 3 
169 3 
170 3 
171 3 
172 3 
173 3 
174 3 
175 3 
176 3 
177 3 
178 3 
179 3 
180 3 
181 3 
182 3 
183 3 
184 1 
185 1 
186 1 
187 1 
188 1 
189 1 
190 1 
191 1 
192 1 
193 1 
194 1 
195 1 
196 1 
197 1 
198 1 
199 1 
200 1 
201 1 
202 1 
203 1 
204 1 
205 1 
206 1 
207 1 
208 1 
209 1 
210 1 
211 1 
212 1 
213 1 
214 1 
