1 4 
2 4 
3 4 
4 4 
5 4 
6 4 
7 2 
8 2 
9 2 
10 2 
11 2 
12 2 
13 2 
14 9 
15 9 
16 9 
17 9 
18 9 
19 9 
20 9 
21 9 
22 9 
23 9 
24 9 
25 9 
26 9 
27 12 
28 9 
29 12 
30 9 
31 3 
32 3 
33 3 
34 3 
35 3 
36 3 
37 3 
38 3 
39 3 
40 3 
41 3 
42 3 
43 3 
44 3 
45 5 
46 3 
47 5 
48 5 
49 5 
50 5 
51 5 
52 5 
53 5 
54 5 
55 5 
56 5 
57 5 
58 5 
59 5 
60 5 
61 7 
62 5 
63 5 
64 7 
65 7 
66 5 
67 3 
68 3 
69 4 
70 3 
71 12 
72 3 
73 3 
74 12 
75 12 
76 12 
77 12 
78 12 
79 12 
80 12 
81 12 
82 9 
83 7 
84 7 
85 7 
86 7 
87 7 
88 7 
89 7 
90 7 
91 7 
92 7 
93 7 
94 7 
95 7 
96 7 
97 4 
98 4 
99 4 
100 4 
101 4 
102 4 
103 4 
104 4 
105 4 
106 4 
107 4 
108 8 
109 2 
110 2 
111 2 
112 2 
113 2 
114 2 
115 2 
116 2 
117 2 
118 2 
119 2 
120 2 
121 2 
122 2 
123 1 
124 1 
125 1 
126 1 
127 1 
128 1 
129 1 
130 1 
131 1 
132 1 
133 1 
134 1 
135 1 
136 1 
137 1 
138 1 
139 13 
140 13 
141 13 
142 13 
143 13 
144 13 
145 13 
146 1 
147 13 
148 1 
149 1 
150 13 
151 1 
152 1 
153 1 
154 1 
155 10 
156 10 
157 10 
158 10 
159 10 
160 10 
161 10 
162 10 
163 10 
164 10 
165 10 
166 10 
167 10 
168 11 
169 11 
170 11 
171 11 
172 11 
173 11 
174 11 
175 11 
176 11 
177 11 
178 11 
179 11 
180 8 
181 8 
182 8 
183 8 
184 8 
185 8 
186 8 
187 8 
188 8 
189 8 
190 8 
191 8 
192 8 
193 8 
194 4 
195 8 
196 6 
197 6 
198 2 
199 6 
200 6 
201 6 
202 6 
203 6 
204 6 
205 6 
206 6 
207 6 
208 6 
209 6 
210 6 
211 6 
212 6 
213 6 
214 6 
