1 1 
2 1 
3 2 
4 1 
5 2 
6 1 
7 2 
8 5 
9 3 
10 4 
11 2 
12 2 
13 2 
14 2 
15 2 
16 2 
17 2 
18 2 
19 2 
20 2 
21 2 
22 2 
23 2 
24 2 
25 2 
26 1 
27 1 
28 2 
29 1 
30 2 
31 3 
32 3 
33 3 
34 3 
35 3 
36 3 
37 3 
38 3 
39 3 
40 3 
41 3 
42 3 
43 3 
44 3 
45 3 
46 3 
47 3 
48 3 
49 3 
50 3 
51 3 
52 3 
53 3 
54 3 
55 3 
56 3 
57 3 
58 3 
59 3 
60 3 
61 3 
62 3 
63 3 
64 3 
65 1 
66 3 
67 3 
68 3 
69 1 
70 3 
71 3 
72 3 
73 3 
74 3 
75 1 
76 1 
77 1 
78 1 
79 1 
80 1 
81 1 
82 1 
83 1 
84 1 
85 1 
86 1 
87 1 
88 1 
89 1 
90 1 
91 1 
92 1 
93 1 
94 1 
95 1 
96 1 
97 1 
98 1 
99 1 
100 1 
101 1 
102 1 
103 1 
104 1 
105 1 
106 1 
107 2 
108 1 
109 2 
110 2 
111 2 
112 5 
113 5 
114 5 
115 5 
116 5 
117 5 
118 5 
119 2 
120 5 
121 5 
122 4 
123 4 
124 4 
125 4 
126 4 
127 4 
128 4 
129 4 
130 4 
131 4 
132 4 
133 4 
134 4 
135 4 
136 4 
137 4 
138 4 
139 4 
140 4 
141 4 
142 4 
143 4 
144 4 
145 4 
146 4 
147 4 
148 4 
149 4 
150 4 
151 4 
152 4 
153 4 
154 4 
155 5 
156 5 
157 5 
158 5 
159 5 
160 5 
161 5 
162 5 
163 5 
164 5 
165 5 
166 5 
167 5 
168 5 
169 5 
170 5 
171 5 
172 5 
173 5 
174 5 
175 5 
176 5 
177 5 
178 1 
179 1 
180 1 
181 1 
182 1 
183 1 
184 1 
185 1 
186 1 
187 1 
188 1 
189 1 
190 1 
191 1 
192 1 
193 1 
194 2 
195 1 
196 2 
197 2 
198 2 
199 2 
200 2 
201 2 
202 2 
203 2 
204 2 
205 2 
206 2 
207 2 
208 2 
209 2 
210 2 
211 2 
212 2 
213 2 
214 2 
