1 6 
2 6 
3 1 
4 4 
5 1 
6 4 
7 1 
8 5 
9 3 
10 2 
11 1 
12 1 
13 1 
14 1 
15 1 
16 1 
17 6 
18 6 
19 1 
20 1 
21 6 
22 6 
23 1 
24 6 
25 6 
26 6 
27 6 
28 6 
29 6 
30 6 
31 6 
32 7 
33 6 
34 6 
35 3 
36 3 
37 3 
38 3 
39 3 
40 3 
41 3 
42 3 
43 3 
44 3 
45 3 
46 3 
47 3 
48 3 
49 3 
50 3 
51 3 
52 3 
53 3 
54 3 
55 3 
56 3 
57 3 
58 3 
59 3 
60 3 
61 7 
62 3 
63 3 
64 3 
65 7 
66 3 
67 3 
68 7 
69 7 
70 3 
71 6 
72 6 
73 6 
74 6 
75 6 
76 6 
77 6 
78 6 
79 6 
80 6 
81 6 
82 6 
83 7 
84 7 
85 7 
86 7 
87 7 
88 7 
89 7 
90 7 
91 7 
92 7 
93 7 
94 7 
95 7 
96 7 
97 7 
98 7 
99 7 
100 7 
101 7 
102 4 
103 4 
104 4 
105 4 
106 4 
107 1 
108 4 
109 1 
110 4 
111 1 
112 5 
113 5 
114 5 
115 1 
116 5 
117 5 
118 5 
119 1 
120 5 
121 5 
122 2 
123 2 
124 2 
125 2 
126 2 
127 2 
128 2 
129 2 
130 2 
131 2 
132 2 
133 2 
134 2 
135 2 
136 2 
137 2 
138 2 
139 2 
140 2 
141 2 
142 2 
143 2 
144 2 
145 2 
146 2 
147 2 
148 2 
149 2 
150 2 
151 2 
152 2 
153 2 
154 2 
155 5 
156 5 
157 5 
158 5 
159 5 
160 5 
161 5 
162 5 
163 5 
164 5 
165 5 
166 5 
167 5 
168 5 
169 5 
170 5 
171 5 
172 5 
173 5 
174 5 
175 4 
176 4 
177 4 
178 4 
179 4 
180 4 
181 4 
182 4 
183 4 
184 4 
185 4 
186 4 
187 4 
188 4 
189 4 
190 4 
191 4 
192 4 
193 4 
194 4 
195 4 
196 1 
197 1 
198 1 
199 1 
200 1 
201 1 
202 1 
203 1 
204 1 
205 1 
206 1 
207 1 
208 1 
209 1 
210 1 
211 1 
212 1 
213 1 
214 1 
