1 4 
2 4 
3 4 
4 4 
5 4 
6 4 
7 2 
8 2 
9 2 
10 2 
11 2 
12 2 
13 5 
14 5 
15 5 
16 5 
17 5 
18 5 
19 5 
20 5 
21 5 
22 5 
23 5 
24 5 
25 5 
26 13 
27 13 
28 5 
29 13 
30 5 
31 12 
32 5 
33 5 
34 11 
35 11 
36 11 
37 11 
38 11 
39 11 
40 11 
41 11 
42 11 
43 11 
44 11 
45 11 
46 11 
47 6 
48 6 
49 6 
50 6 
51 6 
52 6 
53 6 
54 6 
55 6 
56 6 
57 6 
58 6 
59 6 
60 6 
61 8 
62 6 
63 6 
64 12 
65 8 
66 12 
67 12 
68 12 
69 12 
70 12 
71 12 
72 12 
73 12 
74 12 
75 13 
76 13 
77 13 
78 13 
79 13 
80 13 
81 13 
82 13 
83 8 
84 8 
85 8 
86 8 
87 8 
88 8 
89 8 
90 8 
91 8 
92 8 
93 8 
94 8 
95 8 
96 8 
97 14 
98 12 
99 4 
100 4 
101 4 
102 4 
103 4 
104 4 
105 4 
106 4 
107 4 
108 7 
109 2 
110 2 
111 2 
112 2 
113 2 
114 2 
115 2 
116 2 
117 2 
118 2 
119 2 
120 2 
121 2 
122 1 
123 1 
124 1 
125 1 
126 1 
127 1 
128 1 
129 1 
130 1 
131 1 
132 1 
133 1 
134 1 
135 1 
136 1 
137 1 
138 1 
139 14 
140 14 
141 14 
142 14 
143 14 
144 14 
145 14 
146 1 
147 14 
148 1 
149 1 
150 14 
151 1 
152 1 
153 4 
154 9 
155 9 
156 9 
157 9 
158 9 
159 9 
160 9 
161 9 
162 9 
163 9 
164 9 
165 9 
166 10 
167 9 
168 10 
169 10 
170 10 
171 10 
172 10 
173 10 
174 10 
175 10 
176 10 
177 10 
178 10 
179 10 
180 7 
181 7 
182 7 
183 7 
184 7 
185 7 
186 7 
187 7 
188 7 
189 7 
190 7 
191 7 
192 7 
193 7 
194 4 
195 7 
196 3 
197 3 
198 2 
199 3 
200 3 
201 3 
202 3 
203 3 
204 3 
205 3 
206 3 
207 3 
208 3 
209 3 
210 3 
211 3 
212 3 
213 3 
214 3 
