1 3 
2 3 
3 3 
4 3 
5 5 
6 3 
7 2 
8 2 
9 2 
10 2 
11 2 
12 2 
13 2 
14 2 
15 2 
16 1 
17 5 
18 5 
19 5 
20 1 
21 5 
22 5 
23 1 
24 5 
25 5 
26 5 
27 5 
28 5 
29 14 
30 5 
31 7 
32 7 
33 7 
34 7 
35 7 
36 7 
37 7 
38 7 
39 18 
40 18 
41 18 
42 18 
43 18 
44 18 
45 18 
46 18 
47 18 
48 16 
49 16 
50 16 
51 16 
52 16 
53 16 
54 16 
55 16 
56 11 
57 16 
58 11 
59 11 
60 11 
61 11 
62 11 
63 11 
64 11 
65 11 
66 11 
67 7 
68 7 
69 20 
70 7 
71 14 
72 7 
73 20 
74 14 
75 14 
76 14 
77 14 
78 14 
79 14 
80 14 
81 3 
82 3 
83 3 
84 3 
85 8 
86 8 
87 8 
88 8 
89 8 
90 8 
91 8 
92 8 
93 8 
94 8 
95 8 
96 8 
97 20 
98 20 
99 20 
100 20 
101 20 
102 3 
103 3 
104 3 
105 1 
106 3 
107 1 
108 9 
109 1 
110 9 
111 13 
112 13 
113 13 
114 13 
115 13 
116 2 
117 13 
118 13 
119 2 
120 2 
121 13 
122 13 
123 2 
124 4 
125 4 
126 4 
127 4 
128 4 
129 4 
130 15 
131 15 
132 15 
133 15 
134 15 
135 15 
136 15 
137 15 
138 15 
139 17 
140 17 
141 17 
142 17 
143 17 
144 17 
145 17 
146 4 
147 17 
148 4 
149 4 
150 17 
151 4 
152 4 
153 4 
154 4 
155 6 
156 6 
157 6 
158 6 
159 6 
160 6 
161 6 
162 6 
163 6 
164 6 
165 6 
166 19 
167 6 
168 19 
169 19 
170 19 
171 19 
172 19 
173 19 
174 19 
175 19 
176 9 
177 9 
178 9 
179 9 
180 9 
181 9 
182 9 
183 9 
184 12 
185 12 
186 12 
187 12 
188 12 
189 12 
190 12 
191 12 
192 12 
193 12 
194 1 
195 9 
196 1 
197 10 
198 1 
199 10 
200 10 
201 10 
202 10 
203 10 
204 10 
205 10 
206 1 
207 10 
208 10 
209 1 
210 1 
211 10 
212 1 
213 1 
214 1 
