1 4 
2 4 
3 4 
4 4 
5 2 
6 4 
7 2 
8 2 
9 2 
10 2 
11 2 
12 2 
13 2 
14 2 
15 2 
16 6 
17 6 
18 6 
19 6 
20 6 
21 6 
22 6 
23 6 
24 6 
25 6 
26 13 
27 13 
28 6 
29 13 
30 6 
31 11 
32 3 
33 9 
34 11 
35 9 
36 9 
37 9 
38 9 
39 9 
40 9 
41 9 
42 9 
43 9 
44 9 
45 9 
46 9 
47 9 
48 7 
49 7 
50 7 
51 7 
52 7 
53 7 
54 7 
55 7 
56 7 
57 7 
58 7 
59 7 
60 7 
61 3 
62 7 
63 7 
64 11 
65 3 
66 11 
67 11 
68 11 
69 11 
70 11 
71 11 
72 11 
73 11 
74 11 
75 13 
76 13 
77 13 
78 13 
79 13 
80 13 
81 13 
82 13 
83 3 
84 3 
85 3 
86 3 
87 3 
88 3 
89 3 
90 3 
91 3 
92 3 
93 3 
94 3 
95 3 
96 3 
97 14 
98 11 
99 4 
100 4 
101 4 
102 4 
103 4 
104 4 
105 4 
106 4 
107 4 
108 2 
109 2 
110 2 
111 2 
112 15 
113 15 
114 15 
115 15 
116 2 
117 15 
118 15 
119 2 
120 2 
121 15 
122 15 
123 1 
124 1 
125 1 
126 1 
127 1 
128 1 
129 1 
130 1 
131 1 
132 1 
133 1 
134 1 
135 1 
136 15 
137 1 
138 1 
139 14 
140 14 
141 14 
142 14 
143 14 
144 14 
145 14 
146 1 
147 14 
148 1 
149 1 
150 14 
151 1 
152 1 
153 1 
154 1 
155 12 
156 12 
157 12 
158 12 
159 12 
160 12 
161 12 
162 12 
163 12 
164 12 
165 12 
166 10 
167 12 
168 10 
169 10 
170 10 
171 10 
172 10 
173 10 
174 10 
175 10 
176 10 
177 10 
178 10 
179 10 
180 5 
181 5 
182 5 
183 5 
184 5 
185 5 
186 5 
187 5 
188 5 
189 5 
190 5 
191 5 
192 5 
193 5 
194 4 
195 5 
196 8 
197 8 
198 2 
199 8 
200 8 
201 8 
202 8 
203 8 
204 8 
205 8 
206 6 
207 8 
208 8 
209 8 
210 6 
211 8 
212 8 
213 4 
214 6 
