1 3 
2 3 
3 3 
4 3 
5 3 
6 3 
7 9 
8 9 
9 9 
10 9 
11 9 
12 9 
13 9 
14 9 
15 9 
16 4 
17 8 
18 8 
19 8 
20 4 
21 8 
22 8 
23 4 
24 8 
25 8 
26 8 
27 8 
28 8 
29 13 
30 8 
31 13 
32 6 
33 8 
34 6 
35 6 
36 6 
37 6 
38 6 
39 6 
40 6 
41 6 
42 6 
43 6 
44 6 
45 6 
46 6 
47 16 
48 16 
49 16 
50 16 
51 16 
52 16 
53 12 
54 16 
55 16 
56 12 
57 12 
58 12 
59 12 
60 12 
61 12 
62 12 
63 12 
64 12 
65 12 
66 12 
67 13 
68 13 
69 13 
70 13 
71 13 
72 13 
73 13 
74 13 
75 17 
76 17 
77 17 
78 17 
79 17 
80 17 
81 17 
82 8 
83 5 
84 5 
85 5 
86 5 
87 5 
88 5 
89 5 
90 5 
91 5 
92 5 
93 5 
94 5 
95 5 
96 5 
97 3 
98 13 
99 3 
100 3 
101 3 
102 3 
103 3 
104 3 
105 3 
106 3 
107 4 
108 2 
109 4 
110 11 
111 11 
112 11 
113 11 
114 11 
115 11 
116 9 
117 11 
118 11 
119 9 
120 9 
121 11 
122 11 
123 1 
124 1 
125 1 
126 1 
127 1 
128 1 
129 1 
130 1 
131 1 
132 1 
133 1 
134 1 
135 1 
136 1 
137 1 
138 1 
139 15 
140 15 
141 15 
142 15 
143 15 
144 15 
145 15 
146 1 
147 15 
148 1 
149 1 
150 15 
151 1 
152 1 
153 4 
154 1 
155 10 
156 10 
157 10 
158 10 
159 10 
160 10 
161 10 
162 10 
163 10 
164 10 
165 10 
166 7 
167 10 
168 7 
169 7 
170 7 
171 7 
172 7 
173 7 
174 7 
175 7 
176 7 
177 7 
178 7 
179 7 
180 2 
181 2 
182 2 
183 2 
184 2 
185 2 
186 2 
187 2 
188 2 
189 2 
190 2 
191 2 
192 2 
193 2 
194 4 
195 2 
196 4 
197 14 
198 11 
199 11 
200 14 
201 14 
202 14 
203 14 
204 14 
205 14 
206 4 
207 14 
208 14 
209 4 
210 4 
211 14 
212 4 
213 4 
214 4 
