1 5 
2 5 
3 5 
4 5 
5 7 
6 5 
7 3 
8 3 
9 3 
10 3 
11 3 
12 3 
13 3 
14 7 
15 7 
16 7 
17 7 
18 7 
19 7 
20 7 
21 7 
22 7 
23 7 
24 7 
25 7 
26 7 
27 11 
28 7 
29 11 
30 7 
31 9 
32 9 
33 9 
34 9 
35 9 
36 9 
37 9 
38 9 
39 9 
40 9 
41 9 
42 9 
43 9 
44 4 
45 4 
46 9 
47 4 
48 4 
49 4 
50 4 
51 4 
52 4 
53 4 
54 4 
55 4 
56 4 
57 4 
58 4 
59 4 
60 4 
61 8 
62 4 
63 4 
64 8 
65 8 
66 4 
67 9 
68 9 
69 5 
70 9 
71 11 
72 11 
73 11 
74 11 
75 11 
76 11 
77 11 
78 11 
79 11 
80 11 
81 11 
82 7 
83 8 
84 8 
85 8 
86 8 
87 8 
88 8 
89 8 
90 8 
91 8 
92 8 
93 8 
94 8 
95 8 
96 8 
97 5 
98 5 
99 5 
100 5 
101 5 
102 5 
103 5 
104 5 
105 5 
106 5 
107 5 
108 1 
109 3 
110 3 
111 3 
112 3 
113 3 
114 3 
115 3 
116 3 
117 3 
118 3 
119 3 
120 3 
121 3 
122 2 
123 2 
124 2 
125 2 
126 2 
127 2 
128 2 
129 2 
130 2 
131 2 
132 2 
133 2 
134 2 
135 2 
136 2 
137 2 
138 2 
139 12 
140 12 
141 12 
142 12 
143 12 
144 12 
145 12 
146 2 
147 12 
148 2 
149 2 
150 12 
151 2 
152 2 
153 2 
154 2 
155 10 
156 10 
157 10 
158 10 
159 10 
160 10 
161 10 
162 10 
163 10 
164 10 
165 10 
166 10 
167 10 
168 1 
169 1 
170 10 
171 1 
172 1 
173 1 
174 1 
175 1 
176 1 
177 1 
178 1 
179 1 
180 1 
181 1 
182 1 
183 1 
184 1 
185 1 
186 1 
187 1 
188 1 
189 1 
190 1 
191 1 
192 1 
193 1 
194 5 
195 1 
196 6 
197 6 
198 3 
199 6 
200 6 
201 6 
202 6 
203 6 
204 6 
205 6 
206 6 
207 6 
208 6 
209 6 
210 6 
211 6 
212 6 
213 6 
214 6 
