1 4 
2 4 
3 5 
4 2 
5 5 
6 2 
7 6 
8 6 
9 6 
10 6 
11 6 
12 6 
13 6 
14 4 
15 5 
16 5 
17 4 
18 4 
19 5 
20 5 
21 4 
22 5 
23 5 
24 5 
25 4 
26 4 
27 4 
28 4 
29 4 
30 4 
31 4 
32 7 
33 4 
34 4 
35 1 
36 1 
37 4 
38 1 
39 1 
40 1 
41 1 
42 1 
43 1 
44 1 
45 1 
46 1 
47 1 
48 1 
49 1 
50 1 
51 1 
52 1 
53 1 
54 1 
55 1 
56 1 
57 1 
58 1 
59 1 
60 1 
61 7 
62 1 
63 1 
64 1 
65 7 
66 1 
67 1 
68 7 
69 7 
70 4 
71 4 
72 4 
73 4 
74 4 
75 4 
76 4 
77 4 
78 4 
79 4 
80 4 
81 4 
82 4 
83 7 
84 7 
85 7 
86 7 
87 7 
88 7 
89 7 
90 7 
91 7 
92 7 
93 7 
94 7 
95 7 
96 7 
97 7 
98 7 
99 7 
100 7 
101 7 
102 2 
103 2 
104 2 
105 2 
106 2 
107 5 
108 2 
109 6 
110 6 
111 6 
112 6 
113 6 
114 6 
115 6 
116 6 
117 6 
118 6 
119 6 
120 6 
121 6 
122 6 
123 6 
124 3 
125 3 
126 3 
127 3 
128 3 
129 3 
130 3 
131 3 
132 3 
133 3 
134 3 
135 3 
136 3 
137 3 
138 3 
139 3 
140 3 
141 3 
142 3 
143 3 
144 3 
145 3 
146 3 
147 3 
148 3 
149 3 
150 3 
151 3 
152 3 
153 8 
154 8 
155 8 
156 8 
157 8 
158 8 
159 8 
160 8 
161 8 
162 8 
163 8 
164 8 
165 8 
166 8 
167 8 
168 8 
169 8 
170 8 
171 8 
172 6 
173 8 
174 8 
175 2 
176 2 
177 2 
178 2 
179 2 
180 2 
181 2 
182 2 
183 2 
184 2 
185 2 
186 2 
187 2 
188 2 
189 2 
190 2 
191 2 
192 2 
193 2 
194 2 
195 2 
196 5 
197 5 
198 6 
199 6 
200 5 
201 5 
202 5 
203 5 
204 5 
205 5 
206 5 
207 5 
208 5 
209 5 
210 5 
211 5 
212 5 
213 5 
214 5 
