1 6 
2 6 
3 6 
4 6 
5 6 
6 6 
7 2 
8 2 
9 2 
10 2 
11 2 
12 2 
13 2 
14 2 
15 2 
16 3 
17 3 
18 3 
19 3 
20 3 
21 3 
22 3 
23 3 
24 3 
25 3 
26 3 
27 3 
28 3 
29 14 
30 3 
31 7 
32 7 
33 7 
34 7 
35 7 
36 7 
37 7 
38 7 
39 7 
40 7 
41 7 
42 7 
43 7 
44 10 
45 10 
46 10 
47 10 
48 10 
49 10 
50 10 
51 10 
52 10 
53 10 
54 10 
55 10 
56 12 
57 12 
58 12 
59 12 
60 12 
61 12 
62 12 
63 12 
64 12 
65 12 
66 12 
67 7 
68 12 
69 13 
70 13 
71 14 
72 13 
73 13 
74 14 
75 14 
76 14 
77 14 
78 14 
79 14 
80 14 
81 6 
82 3 
83 8 
84 8 
85 8 
86 8 
87 8 
88 8 
89 8 
90 8 
91 8 
92 8 
93 8 
94 8 
95 8 
96 8 
97 13 
98 13 
99 13 
100 13 
101 13 
102 13 
103 6 
104 6 
105 6 
106 6 
107 6 
108 2 
109 2 
110 2 
111 2 
112 15 
113 15 
114 15 
115 15 
116 2 
117 15 
118 15 
119 2 
120 2 
121 15 
122 15 
123 1 
124 1 
125 1 
126 1 
127 1 
128 1 
129 1 
130 1 
131 1 
132 1 
133 1 
134 1 
135 1 
136 15 
137 1 
138 1 
139 16 
140 16 
141 16 
142 16 
143 16 
144 16 
145 16 
146 1 
147 16 
148 1 
149 1 
150 16 
151 1 
152 1 
153 6 
154 1 
155 11 
156 11 
157 11 
158 11 
159 11 
160 11 
161 11 
162 11 
163 11 
164 11 
165 11 
166 9 
167 11 
168 9 
169 9 
170 9 
171 9 
172 9 
173 9 
174 9 
175 9 
176 9 
177 9 
178 9 
179 9 
180 5 
181 5 
182 5 
183 5 
184 5 
185 5 
186 5 
187 5 
188 5 
189 5 
190 5 
191 5 
192 5 
193 5 
194 6 
195 5 
196 4 
197 4 
198 2 
199 4 
200 4 
201 4 
202 4 
203 4 
204 4 
205 4 
206 4 
207 4 
208 4 
209 4 
210 3 
211 4 
212 4 
213 6 
214 3 
