1 4 
2 4 
3 4 
4 2 
5 4 
6 2 
7 5 
8 5 
9 5 
10 5 
11 5 
12 5 
13 4 
14 4 
15 4 
16 4 
17 4 
18 4 
19 4 
20 4 
21 4 
22 4 
23 4 
24 4 
25 4 
26 4 
27 4 
28 4 
29 9 
30 4 
31 9 
32 4 
33 4 
34 9 
35 3 
36 3 
37 9 
38 3 
39 3 
40 3 
41 3 
42 3 
43 3 
44 3 
45 3 
46 3 
47 3 
48 3 
49 3 
50 3 
51 3 
52 3 
53 3 
54 3 
55 3 
56 3 
57 3 
58 3 
59 3 
60 3 
61 6 
62 3 
63 3 
64 6 
65 6 
66 3 
67 9 
68 9 
69 9 
70 9 
71 9 
72 9 
73 9 
74 9 
75 9 
76 9 
77 9 
78 9 
79 9 
80 9 
81 4 
82 4 
83 6 
84 6 
85 6 
86 6 
87 6 
88 6 
89 6 
90 6 
91 6 
92 6 
93 6 
94 6 
95 6 
96 6 
97 6 
98 6 
99 6 
100 6 
101 6 
102 2 
103 2 
104 2 
105 2 
106 2 
107 8 
108 2 
109 5 
110 5 
111 5 
112 5 
113 5 
114 5 
115 5 
116 5 
117 5 
118 5 
119 5 
120 5 
121 5 
122 5 
123 5 
124 1 
125 1 
126 1 
127 1 
128 1 
129 1 
130 1 
131 1 
132 1 
133 1 
134 1 
135 1 
136 1 
137 1 
138 1 
139 1 
140 1 
141 1 
142 1 
143 1 
144 1 
145 1 
146 1 
147 1 
148 1 
149 1 
150 1 
151 1 
152 1 
153 7 
154 7 
155 7 
156 7 
157 7 
158 7 
159 7 
160 7 
161 7 
162 7 
163 7 
164 7 
165 7 
166 7 
167 7 
168 7 
169 7 
170 7 
171 7 
172 5 
173 7 
174 7 
175 2 
176 2 
177 2 
178 2 
179 2 
180 2 
181 2 
182 2 
183 2 
184 2 
185 2 
186 2 
187 2 
188 2 
189 2 
190 2 
191 2 
192 2 
193 2 
194 2 
195 2 
196 8 
197 8 
198 5 
199 8 
200 8 
201 8 
202 8 
203 8 
204 8 
205 8 
206 8 
207 8 
208 8 
209 8 
210 8 
211 8 
212 8 
213 8 
214 8 
