1 1 
2 1 
3 2 
4 5 
5 2 
6 5 
7 2 
8 6 
9 4 
10 3 
11 2 
12 2 
13 2 
14 2 
15 2 
16 2 
17 1 
18 2 
19 2 
20 2 
21 1 
22 2 
23 2 
24 2 
25 1 
26 1 
27 1 
28 1 
29 1 
30 1 
31 1 
32 1 
33 1 
34 1 
35 4 
36 4 
37 4 
38 4 
39 4 
40 4 
41 4 
42 4 
43 4 
44 4 
45 4 
46 4 
47 4 
48 4 
49 4 
50 4 
51 4 
52 4 
53 4 
54 4 
55 4 
56 4 
57 4 
58 4 
59 4 
60 4 
61 4 
62 4 
63 4 
64 4 
65 1 
66 4 
67 4 
68 1 
69 1 
70 4 
71 1 
72 1 
73 1 
74 1 
75 1 
76 1 
77 1 
78 1 
79 1 
80 1 
81 1 
82 1 
83 1 
84 1 
85 1 
86 1 
87 1 
88 1 
89 1 
90 1 
91 1 
92 1 
93 1 
94 1 
95 1 
96 1 
97 5 
98 5 
99 1 
100 5 
101 5 
102 5 
103 5 
104 5 
105 5 
106 5 
107 2 
108 5 
109 2 
110 5 
111 2 
112 6 
113 6 
114 6 
115 2 
116 6 
117 6 
118 6 
119 2 
120 6 
121 6 
122 3 
123 3 
124 3 
125 3 
126 3 
127 3 
128 3 
129 3 
130 3 
131 3 
132 3 
133 3 
134 3 
135 3 
136 3 
137 3 
138 3 
139 3 
140 3 
141 3 
142 3 
143 3 
144 3 
145 3 
146 3 
147 3 
148 3 
149 3 
150 3 
151 3 
152 3 
153 3 
154 3 
155 6 
156 6 
157 6 
158 6 
159 6 
160 6 
161 6 
162 6 
163 6 
164 6 
165 6 
166 6 
167 6 
168 6 
169 6 
170 6 
171 6 
172 6 
173 6 
174 6 
175 6 
176 5 
177 5 
178 5 
179 5 
180 5 
181 5 
182 5 
183 5 
184 5 
185 5 
186 5 
187 5 
188 5 
189 5 
190 5 
191 5 
192 5 
193 5 
194 5 
195 5 
196 2 
197 2 
198 2 
199 2 
200 2 
201 2 
202 2 
203 2 
204 2 
205 2 
206 2 
207 2 
208 2 
209 2 
210 2 
211 2 
212 2 
213 2 
214 2 
