0 	4 
1 	4 
2 	4 
3 	4 
4 	6 
5 	4 
6 	2 
7 	2 
8 	2 
9 	2 
10 	2 
11 	2 
12 	2 
13 	6 
14 	6 
15 	6 
16 	6 
17 	6 
18 	6 
19 	6 
20 	6 
21 	6 
22 	6 
23 	6 
24 	6 
25 	6 
26 	10 
27 	6 
28 	10 
29 	6 
30 	8 
31 	8 
32 	8 
33 	8 
34 	8 
35 	8 
36 	8 
37 	8 
38 	8 
39 	8 
40 	8 
41 	8 
42 	8 
43 	3 
44 	3 
45 	8 
46 	3 
47 	3 
48 	3 
49 	3 
50 	3 
51 	3 
52 	3 
53 	3 
54 	3 
55 	3 
56 	3 
57 	3 
58 	3 
59 	3 
60 	7 
61 	3 
62 	3 
63 	7 
64 	7 
65 	3 
66 	8 
67 	8 
68 	4 
69 	8 
70 	10 
71 	10 
72 	10 
73 	10 
74 	10 
75 	10 
76 	10 
77 	10 
78 	10 
79 	10 
80 	10 
81 	6 
82 	7 
83 	7 
84 	7 
85 	7 
86 	7 
87 	7 
88 	7 
89 	7 
90 	7 
91 	7 
92 	7 
93 	7 
94 	7 
95 	7 
96 	4 
97 	4 
98 	4 
99 	4 
100 	4 
101 	4 
102 	4 
103 	4 
104 	4 
105 	4 
106 	4 
107 	0 
108 	2 
109 	2 
110 	2 
111 	2 
112 	2 
113 	2 
114 	2 
115 	2 
116 	2 
117 	2 
118 	2 
119 	2 
120 	2 
121 	1 
122 	1 
123 	1 
124 	1 
125 	1 
126 	1 
127 	1 
128 	1 
129 	1 
130 	1 
131 	1 
132 	1 
133 	1 
134 	1 
135 	1 
136 	1 
137 	1 
138 	11 
139 	11 
140 	11 
141 	11 
142 	11 
143 	11 
144 	11 
145 	1 
146 	11 
147 	1 
148 	1 
149 	11 
150 	1 
151 	1 
152 	1 
153 	1 
154 	9 
155 	9 
156 	9 
157 	9 
158 	9 
159 	9 
160 	9 
161 	9 
162 	9 
163 	9 
164 	9 
165 	9 
166 	9 
167 	0 
168 	0 
169 	9 
170 	0 
171 	0 
172 	0 
173 	0 
174 	0 
175 	0 
176 	0 
177 	0 
178 	0 
179 	0 
180 	0 
181 	0 
182 	0 
183 	0 
184 	0 
185 	0 
186 	0 
187 	0 
188 	0 
189 	0 
190 	0 
191 	0 
192 	0 
193 	4 
194 	0 
195 	5 
196 	5 
197 	2 
198 	5 
199 	5 
200 	5 
201 	5 
202 	5 
203 	5 
204 	5 
205 	5 
206 	5 
207 	5 
208 	5 
209 	5 
210 	5 
211 	5 
212 	5 
213 	5 
