0 	3 
1 	3 
2 	4 
3 	1 
4 	4 
5 	1 
6 	5 
7 	5 
8 	5 
9 	5 
10 	5 
11 	5 
12 	5 
13 	3 
14 	4 
15 	4 
16 	3 
17 	3 
18 	4 
19 	4 
20 	3 
21 	4 
22 	4 
23 	4 
24 	3 
25 	3 
26 	3 
27 	3 
28 	3 
29 	3 
30 	3 
31 	6 
32 	3 
33 	3 
34 	0 
35 	0 
36 	3 
37 	0 
38 	0 
39 	0 
40 	0 
41 	0 
42 	0 
43 	0 
44 	0 
45 	0 
46 	0 
47 	0 
48 	0 
49 	0 
50 	0 
51 	0 
52 	0 
53 	0 
54 	0 
55 	0 
56 	0 
57 	0 
58 	0 
59 	0 
60 	6 
61 	0 
62 	0 
63 	0 
64 	6 
65 	0 
66 	0 
67 	6 
68 	6 
69 	3 
70 	3 
71 	3 
72 	3 
73 	3 
74 	3 
75 	3 
76 	3 
77 	3 
78 	3 
79 	3 
80 	3 
81 	3 
82 	6 
83 	6 
84 	6 
85 	6 
86 	6 
87 	6 
88 	6 
89 	6 
90 	6 
91 	6 
92 	6 
93 	6 
94 	6 
95 	6 
96 	6 
97 	6 
98 	6 
99 	6 
100 	6 
101 	1 
102 	1 
103 	1 
104 	1 
105 	1 
106 	4 
107 	1 
108 	5 
109 	5 
110 	5 
111 	5 
112 	5 
113 	5 
114 	5 
115 	5 
116 	5 
117 	5 
118 	5 
119 	5 
120 	5 
121 	5 
122 	5 
123 	2 
124 	2 
125 	2 
126 	2 
127 	2 
128 	2 
129 	2 
130 	2 
131 	2 
132 	2 
133 	2 
134 	2 
135 	2 
136 	2 
137 	2 
138 	2 
139 	2 
140 	2 
141 	2 
142 	2 
143 	2 
144 	2 
145 	2 
146 	2 
147 	2 
148 	2 
149 	2 
150 	2 
151 	2 
152 	7 
153 	7 
154 	7 
155 	7 
156 	7 
157 	7 
158 	7 
159 	7 
160 	7 
161 	7 
162 	7 
163 	7 
164 	7 
165 	7 
166 	7 
167 	7 
168 	7 
169 	7 
170 	7 
171 	5 
172 	7 
173 	7 
174 	1 
175 	1 
176 	1 
177 	1 
178 	1 
179 	1 
180 	1 
181 	1 
182 	1 
183 	1 
184 	1 
185 	1 
186 	1 
187 	1 
188 	1 
189 	1 
190 	1 
191 	1 
192 	1 
193 	1 
194 	1 
195 	4 
196 	4 
197 	5 
198 	5 
199 	4 
200 	4 
201 	4 
202 	4 
203 	4 
204 	4 
205 	4 
206 	4 
207 	4 
208 	4 
209 	4 
210 	4 
211 	4 
212 	4 
213 	4 
