0 	0 
1 	0 
2 	1 
3 	0 
4 	1 
5 	0 
6 	1 
7 	4 
8 	2 
9 	3 
10 	1 
11 	1 
12 	1 
13 	1 
14 	1 
15 	1 
16 	1 
17 	1 
18 	1 
19 	1 
20 	1 
21 	1 
22 	1 
23 	1 
24 	1 
25 	0 
26 	0 
27 	1 
28 	0 
29 	1 
30 	2 
31 	2 
32 	2 
33 	2 
34 	2 
35 	2 
36 	2 
37 	2 
38 	2 
39 	2 
40 	2 
41 	2 
42 	2 
43 	2 
44 	2 
45 	2 
46 	2 
47 	2 
48 	2 
49 	2 
50 	2 
51 	2 
52 	2 
53 	2 
54 	2 
55 	2 
56 	2 
57 	2 
58 	2 
59 	2 
60 	2 
61 	2 
62 	2 
63 	2 
64 	0 
65 	2 
66 	2 
67 	2 
68 	0 
69 	2 
70 	2 
71 	2 
72 	2 
73 	2 
74 	0 
75 	0 
76 	0 
77 	0 
78 	0 
79 	0 
80 	0 
81 	0 
82 	0 
83 	0 
84 	0 
85 	0 
86 	0 
87 	0 
88 	0 
89 	0 
90 	0 
91 	0 
92 	0 
93 	0 
94 	0 
95 	0 
96 	0 
97 	0 
98 	0 
99 	0 
100 	0 
101 	0 
102 	0 
103 	0 
104 	0 
105 	0 
106 	1 
107 	0 
108 	1 
109 	1 
110 	1 
111 	4 
112 	4 
113 	4 
114 	4 
115 	4 
116 	4 
117 	4 
118 	1 
119 	4 
120 	4 
121 	3 
122 	3 
123 	3 
124 	3 
125 	3 
126 	3 
127 	3 
128 	3 
129 	3 
130 	3 
131 	3 
132 	3 
133 	3 
134 	3 
135 	3 
136 	3 
137 	3 
138 	3 
139 	3 
140 	3 
141 	3 
142 	3 
143 	3 
144 	3 
145 	3 
146 	3 
147 	3 
148 	3 
149 	3 
150 	3 
151 	3 
152 	3 
153 	3 
154 	4 
155 	4 
156 	4 
157 	4 
158 	4 
159 	4 
160 	4 
161 	4 
162 	4 
163 	4 
164 	4 
165 	4 
166 	4 
167 	4 
168 	4 
169 	4 
170 	4 
171 	4 
172 	4 
173 	4 
174 	4 
175 	4 
176 	4 
177 	0 
178 	0 
179 	0 
180 	0 
181 	0 
182 	0 
183 	0 
184 	0 
185 	0 
186 	0 
187 	0 
188 	0 
189 	0 
190 	0 
191 	0 
192 	0 
193 	1 
194 	0 
195 	1 
196 	1 
197 	1 
198 	1 
199 	1 
200 	1 
201 	1 
202 	1 
203 	1 
204 	1 
205 	1 
206 	1 
207 	1 
208 	1 
209 	1 
210 	1 
211 	1 
212 	1 
213 	1 
