0 	3 
1 	3 
2 	3 
3 	3 
4 	1 
5 	3 
6 	1 
7 	1 
8 	1 
9 	1 
10 	1 
11 	1 
12 	1 
13 	1 
14 	1 
15 	5 
16 	5 
17 	5 
18 	5 
19 	5 
20 	5 
21 	5 
22 	5 
23 	5 
24 	5 
25 	12 
26 	12 
27 	5 
28 	12 
29 	5 
30 	10 
31 	2 
32 	8 
33 	10 
34 	8 
35 	8 
36 	8 
37 	8 
38 	8 
39 	8 
40 	8 
41 	8 
42 	8 
43 	8 
44 	8 
45 	8 
46 	8 
47 	6 
48 	6 
49 	6 
50 	6 
51 	6 
52 	6 
53 	6 
54 	6 
55 	6 
56 	6 
57 	6 
58 	6 
59 	6 
60 	2 
61 	6 
62 	6 
63 	10 
64 	2 
65 	10 
66 	10 
67 	10 
68 	10 
69 	10 
70 	10 
71 	10 
72 	10 
73 	10 
74 	12 
75 	12 
76 	12 
77 	12 
78 	12 
79 	12 
80 	12 
81 	12 
82 	2 
83 	2 
84 	2 
85 	2 
86 	2 
87 	2 
88 	2 
89 	2 
90 	2 
91 	2 
92 	2 
93 	2 
94 	2 
95 	2 
96 	13 
97 	10 
98 	3 
99 	3 
100 	3 
101 	3 
102 	3 
103 	3 
104 	3 
105 	3 
106 	3 
107 	1 
108 	1 
109 	1 
110 	1 
111 	14 
112 	14 
113 	14 
114 	14 
115 	1 
116 	14 
117 	14 
118 	1 
119 	1 
120 	14 
121 	14 
122 	0 
123 	0 
124 	0 
125 	0 
126 	0 
127 	0 
128 	0 
129 	0 
130 	0 
131 	0 
132 	0 
133 	0 
134 	0 
135 	14 
136 	0 
137 	0 
138 	13 
139 	13 
140 	13 
141 	13 
142 	13 
143 	13 
144 	13 
145 	0 
146 	13 
147 	0 
148 	0 
149 	13 
150 	0 
151 	0 
152 	0 
153 	0 
154 	11 
155 	11 
156 	11 
157 	11 
158 	11 
159 	11 
160 	11 
161 	11 
162 	11 
163 	11 
164 	11 
165 	9 
166 	11 
167 	9 
168 	9 
169 	9 
170 	9 
171 	9 
172 	9 
173 	9 
174 	9 
175 	9 
176 	9 
177 	9 
178 	9 
179 	4 
180 	4 
181 	4 
182 	4 
183 	4 
184 	4 
185 	4 
186 	4 
187 	4 
188 	4 
189 	4 
190 	4 
191 	4 
192 	4 
193 	3 
194 	4 
195 	7 
196 	7 
197 	1 
198 	7 
199 	7 
200 	7 
201 	7 
202 	7 
203 	7 
204 	7 
205 	5 
206 	7 
207 	7 
208 	7 
209 	5 
210 	7 
211 	7 
212 	3 
213 	5 
