0 	0 
1 	0 
2 	1 
3 	4 
4 	1 
5 	4 
6 	1 
7 	5 
8 	3 
9 	2 
10 	1 
11 	1 
12 	1 
13 	1 
14 	1 
15 	1 
16 	0 
17 	1 
18 	1 
19 	1 
20 	0 
21 	1 
22 	1 
23 	1 
24 	0 
25 	0 
26 	0 
27 	0 
28 	0 
29 	0 
30 	0 
31 	0 
32 	0 
33 	0 
34 	3 
35 	3 
36 	3 
37 	3 
38 	3 
39 	3 
40 	3 
41 	3 
42 	3 
43 	3 
44 	3 
45 	3 
46 	3 
47 	3 
48 	3 
49 	3 
50 	3 
51 	3 
52 	3 
53 	3 
54 	3 
55 	3 
56 	3 
57 	3 
58 	3 
59 	3 
60 	3 
61 	3 
62 	3 
63 	3 
64 	0 
65 	3 
66 	3 
67 	0 
68 	0 
69 	3 
70 	0 
71 	0 
72 	0 
73 	0 
74 	0 
75 	0 
76 	0 
77 	0 
78 	0 
79 	0 
80 	0 
81 	0 
82 	0 
83 	0 
84 	0 
85 	0 
86 	0 
87 	0 
88 	0 
89 	0 
90 	0 
91 	0 
92 	0 
93 	0 
94 	0 
95 	0 
96 	4 
97 	4 
98 	0 
99 	4 
100 	4 
101 	4 
102 	4 
103 	4 
104 	4 
105 	4 
106 	1 
107 	4 
108 	1 
109 	4 
110 	1 
111 	5 
112 	5 
113 	5 
114 	1 
115 	5 
116 	5 
117 	5 
118 	1 
119 	5 
120 	5 
121 	2 
122 	2 
123 	2 
124 	2 
125 	2 
126 	2 
127 	2 
128 	2 
129 	2 
130 	2 
131 	2 
132 	2 
133 	2 
134 	2 
135 	2 
136 	2 
137 	2 
138 	2 
139 	2 
140 	2 
141 	2 
142 	2 
143 	2 
144 	2 
145 	2 
146 	2 
147 	2 
148 	2 
149 	2 
150 	2 
151 	2 
152 	2 
153 	2 
154 	5 
155 	5 
156 	5 
157 	5 
158 	5 
159 	5 
160 	5 
161 	5 
162 	5 
163 	5 
164 	5 
165 	5 
166 	5 
167 	5 
168 	5 
169 	5 
170 	5 
171 	5 
172 	5 
173 	5 
174 	5 
175 	4 
176 	4 
177 	4 
178 	4 
179 	4 
180 	4 
181 	4 
182 	4 
183 	4 
184 	4 
185 	4 
186 	4 
187 	4 
188 	4 
189 	4 
190 	4 
191 	4 
192 	4 
193 	4 
194 	4 
195 	1 
196 	1 
197 	1 
198 	1 
199 	1 
200 	1 
201 	1 
202 	1 
203 	1 
204 	1 
205 	1 
206 	1 
207 	1 
208 	1 
209 	1 
210 	1 
211 	1 
212 	1 
213 	1 
