0 	5 
1 	5 
2 	5 
3 	5 
4 	5 
5 	5 
6 	1 
7 	1 
8 	1 
9 	1 
10 	1 
11 	1 
12 	1 
13 	1 
14 	1 
15 	2 
16 	2 
17 	2 
18 	2 
19 	2 
20 	2 
21 	2 
22 	2 
23 	2 
24 	2 
25 	2 
26 	2 
27 	2 
28 	13 
29 	2 
30 	6 
31 	6 
32 	6 
33 	6 
34 	6 
35 	6 
36 	6 
37 	6 
38 	6 
39 	6 
40 	6 
41 	6 
42 	6 
43 	9 
44 	9 
45 	9 
46 	9 
47 	9 
48 	9 
49 	9 
50 	9 
51 	9 
52 	9 
53 	9 
54 	9 
55 	11 
56 	11 
57 	11 
58 	11 
59 	11 
60 	11 
61 	11 
62 	11 
63 	11 
64 	11 
65 	11 
66 	6 
67 	11 
68 	12 
69 	12 
70 	13 
71 	12 
72 	12 
73 	13 
74 	13 
75 	13 
76 	13 
77 	13 
78 	13 
79 	13 
80 	5 
81 	2 
82 	7 
83 	7 
84 	7 
85 	7 
86 	7 
87 	7 
88 	7 
89 	7 
90 	7 
91 	7 
92 	7 
93 	7 
94 	7 
95 	7 
96 	12 
97 	12 
98 	12 
99 	12 
100 	12 
101 	12 
102 	5 
103 	5 
104 	5 
105 	5 
106 	5 
107 	1 
108 	1 
109 	1 
110 	1 
111 	14 
112 	14 
113 	14 
114 	14 
115 	1 
116 	14 
117 	14 
118 	1 
119 	1 
120 	14 
121 	14 
122 	0 
123 	0 
124 	0 
125 	0 
126 	0 
127 	0 
128 	0 
129 	0 
130 	0 
131 	0 
132 	0 
133 	0 
134 	0 
135 	14 
136 	0 
137 	0 
138 	15 
139 	15 
140 	15 
141 	15 
142 	15 
143 	15 
144 	15 
145 	0 
146 	15 
147 	0 
148 	0 
149 	15 
150 	0 
151 	0 
152 	5 
153 	0 
154 	10 
155 	10 
156 	10 
157 	10 
158 	10 
159 	10 
160 	10 
161 	10 
162 	10 
163 	10 
164 	10 
165 	8 
166 	10 
167 	8 
168 	8 
169 	8 
170 	8 
171 	8 
172 	8 
173 	8 
174 	8 
175 	8 
176 	8 
177 	8 
178 	8 
179 	4 
180 	4 
181 	4 
182 	4 
183 	4 
184 	4 
185 	4 
186 	4 
187 	4 
188 	4 
189 	4 
190 	4 
191 	4 
192 	4 
193 	5 
194 	4 
195 	3 
196 	3 
197 	1 
198 	3 
199 	3 
200 	3 
201 	3 
202 	3 
203 	3 
204 	3 
205 	3 
206 	3 
207 	3 
208 	3 
209 	2 
210 	3 
211 	3 
212 	5 
213 	2 
