0 	3 
1 	3 
2 	3 
3 	3 
4 	3 
5 	3 
6 	1 
7 	1 
8 	1 
9 	1 
10 	1 
11 	1 
12 	1 
13 	8 
14 	8 
15 	8 
16 	8 
17 	8 
18 	8 
19 	8 
20 	8 
21 	8 
22 	8 
23 	8 
24 	8 
25 	8 
26 	11 
27 	8 
28 	11 
29 	8 
30 	2 
31 	2 
32 	2 
33 	2 
34 	2 
35 	2 
36 	2 
37 	2 
38 	2 
39 	2 
40 	2 
41 	2 
42 	2 
43 	2 
44 	4 
45 	2 
46 	4 
47 	4 
48 	4 
49 	4 
50 	4 
51 	4 
52 	4 
53 	4 
54 	4 
55 	4 
56 	4 
57 	4 
58 	4 
59 	4 
60 	6 
61 	4 
62 	4 
63 	6 
64 	6 
65 	4 
66 	2 
67 	2 
68 	3 
69 	2 
70 	11 
71 	2 
72 	2 
73 	11 
74 	11 
75 	11 
76 	11 
77 	11 
78 	11 
79 	11 
80 	11 
81 	8 
82 	6 
83 	6 
84 	6 
85 	6 
86 	6 
87 	6 
88 	6 
89 	6 
90 	6 
91 	6 
92 	6 
93 	6 
94 	6 
95 	6 
96 	3 
97 	3 
98 	3 
99 	3 
100 	3 
101 	3 
102 	3 
103 	3 
104 	3 
105 	3 
106 	3 
107 	7 
108 	1 
109 	1 
110 	1 
111 	1 
112 	1 
113 	1 
114 	1 
115 	1 
116 	1 
117 	1 
118 	1 
119 	1 
120 	1 
121 	1 
122 	0 
123 	0 
124 	0 
125 	0 
126 	0 
127 	0 
128 	0 
129 	0 
130 	0 
131 	0 
132 	0 
133 	0 
134 	0 
135 	0 
136 	0 
137 	0 
138 	12 
139 	12 
140 	12 
141 	12 
142 	12 
143 	12 
144 	12 
145 	0 
146 	12 
147 	0 
148 	0 
149 	12 
150 	0 
151 	0 
152 	0 
153 	0 
154 	9 
155 	9 
156 	9 
157 	9 
158 	9 
159 	9 
160 	9 
161 	9 
162 	9 
163 	9 
164 	9 
165 	9 
166 	9 
167 	10 
168 	10 
169 	10 
170 	10 
171 	10 
172 	10 
173 	10 
174 	10 
175 	10 
176 	10 
177 	10 
178 	10 
179 	7 
180 	7 
181 	7 
182 	7 
183 	7 
184 	7 
185 	7 
186 	7 
187 	7 
188 	7 
189 	7 
190 	7 
191 	7 
192 	7 
193 	3 
194 	7 
195 	5 
196 	5 
197 	1 
198 	5 
199 	5 
200 	5 
201 	5 
202 	5 
203 	5 
204 	5 
205 	5 
206 	5 
207 	5 
208 	5 
209 	5 
210 	5 
211 	5 
212 	5 
213 	5 
