0 -1.111235e-01 
1 -1.066720e-01 
2 -1.302221e-01 
3 -1.452728e-01 
4 -8.821547e-02 
5 -1.177380e-01 
6 -3.417418e-02 
7 -8.711713e-02 
8 -6.307937e-02 
9 -1.865472e-02 
10 -3.291942e-03 
11 -1.098140e-02 
12 -1.060904e-03 
13 -1.081001e-03 
14 2.909294e-02 
15 5.696990e-02 
16 -9.631932e-02 
17 1.543681e-01 
18 1.142772e-01 
19 2.820584e-02 
20 1.139605e-01 
21 1.839941e-01 
22 1.166895e-01 
23 9.824383e-02 
24 1.068734e-01 
25 9.018217e-02 
26 8.650975e-02 
27 5.864689e-02 
28 9.152369e-02 
29 6.044163e-02 
30 -1.958261e-02 
31 5.388418e-02 
32 4.957402e-02 
33 9.025684e-03 
34 -8.785203e-02 
35 5.426631e-02 
36 -6.704765e-02 
37 -1.871281e-01 
38 -1.248067e-01 
39 -7.121860e-02 
40 -1.635756e-01 
41 -4.446656e-02 
42 -1.109381e-01 
43 3.985000e-02 
44 -1.794111e-02 
45 3.219483e-02 
46 2.164538e-01 
47 1.382931e-01 
48 1.713899e-01 
49 2.993556e-01 
50 2.272825e-01 
51 1.476061e-02 
52 7.815216e-03 
53 2.782671e-01 
54 1.559400e-01 
55 1.750965e-02 
56 1.184711e-01 
57 -4.334690e-02 
58 -1.129024e-01 
59 3.420502e-02 
60 -1.229771e-01 
61 -9.819958e-02 
62 -4.362316e-02 
63 -1.276990e-01 
64 -1.319668e-01 
65 -2.339736e-02 
66 -1.545217e-01 
67 -1.428491e-01 
68 -4.483561e-02 
69 -9.601673e-02 
70 -7.196839e-02 
71 -9.923542e-02 
72 -1.828333e-02 
73 -1.231449e-01 
74 9.004553e-03 
75 -3.847597e-02 
76 1.355981e-02 
77 8.843585e-02 
78 -4.377661e-02 
79 2.643901e-02 
80 8.254076e-02 
81 6.537542e-02 
82 6.003123e-02 
83 7.243578e-02 
84 6.809904e-02 
85 3.260386e-02 
86 4.467366e-02 
87 3.838916e-02 
88 -1.750490e-03 
89 7.693260e-03 
90 -2.121127e-02 
91 -7.003513e-03 
92 -1.201336e-02 
93 -5.899714e-02 
94 -2.221745e-02 
95 -2.690965e-02 
96 -7.244697e-02 
97 -8.459947e-02 
98 -8.377157e-02 
99 -7.141948e-02 
100 -8.802242e-02 
101 -4.153350e-02 
102 1.303853e-02 
103 1.172086e-02 
104 2.348680e-02 
105 1.050186e-02 
106 5.043294e-02 
107 1.474178e-02 
108 -7.628297e-03 
109 7.544826e-03 
110 1.056496e-03 
111 -5.763198e-04 
112 -2.879000e-04 
113 4.225195e-03 
114 -3.851545e-03 
115 1.571118e-02 
116 -1.569685e-03 
117 -1.300031e-02 
118 -1.620485e-03 
119 -1.530805e-02 
120 -6.533141e-03 
121 -1.226038e-02 
122 -8.085814e-03 
123 -1.635968e-03 
124 -4.410673e-03 
125 -1.473711e-04 
126 -5.489738e-03 
127 -2.424764e-03 
128 3.179953e-03 
129 2.767247e-03 
130 5.130462e-03 
131 6.877462e-03 
132 1.101151e-02 
133 6.748092e-03 
134 4.297473e-03 
135 7.228987e-03 
136 -1.921120e-03 
137 -3.409253e-03 
138 1.651266e-03 
139 1.973345e-02 
140 -7.954464e-03 
141 -2.256251e-02 
142 -2.201220e-02 
143 -1.202966e-02 
144 -1.543722e-02 
145 -2.462410e-02 
146 -1.907266e-02 
147 -1.613069e-02 
148 -1.453237e-02 
149 6.416140e-03 
150 2.515810e-03 
151 1.078831e-02 
152 1.860190e-02 
153 1.829797e-02 
154 2.610108e-02 
155 2.730111e-02 
156 2.031972e-02 
157 2.372176e-02 
158 1.827530e-02 
159 -7.359813e-03 
160 5.605938e-03 
161 -2.042409e-03 
162 -2.626664e-02 
163 -6.344750e-03 
164 -1.881100e-02 
165 -2.619263e-02 
166 -1.348769e-02 
167 -1.641651e-02 
168 -1.796933e-02 
169 -1.767946e-02 
170 -1.164086e-02 
171 -5.947270e-04 
172 -9.416812e-03 
173 -1.983215e-02 
174 -5.163030e-03 
175 4.501578e-03 
176 4.876186e-03 
177 -2.207042e-03 
178 1.198709e-02 
179 1.378503e-02 
180 1.864460e-02 
181 2.516076e-02 
182 1.976072e-02 
183 2.997920e-02 
184 9.361260e-03 
185 1.873059e-02 
186 2.035727e-02 
187 3.794842e-02 
188 -2.065816e-02 
189 6.472106e-03 
190 1.210368e-02 
191 -9.190024e-03 
192 -1.132775e-02 
193 -7.514393e-03 
194 -1.275678e-02 
195 -1.148647e-02 
196 -1.201094e-02 
197 -1.198527e-02 
198 -1.130295e-02 
199 -2.231145e-03 
200 1.061919e-03 
201 2.917562e-04 
202 -3.897689e-03 
203 -1.093590e-03 
204 3.813995e-04 
205 -4.724870e-03 
206 2.515220e-03 
207 6.425287e-03 
208 6.979607e-03 
209 6.730112e-03 
210 9.718085e-03 
211 4.211098e-03 
212 9.340789e-03 
213 3.873710e-03 
