0 2.936694e-03 
1 3.212223e-03 
2 4.651564e-03 
3 4.409928e-03 
4 6.312096e-03 
5 2.695663e-03 
6 1.189740e-02 
7 -7.039527e-04 
8 6.979162e-03 
9 8.973183e-03 
10 1.820485e-02 
11 1.252891e-02 
12 1.181686e-02 
13 9.571671e-03 
14 1.021075e-02 
15 9.930810e-03 
16 5.262299e-03 
17 1.025721e-02 
18 6.186737e-03 
19 6.829009e-03 
20 4.768687e-03 
21 4.655210e-03 
22 4.220355e-03 
23 3.124921e-03 
24 3.910084e-03 
25 3.969313e-03 
26 3.940525e-03 
27 6.198762e-03 
28 3.418952e-03 
29 7.343085e-03 
30 7.077597e-03 
31 7.543329e-03 
32 6.629013e-03 
33 6.029866e-03 
34 5.876260e-03 
35 8.143351e-03 
36 5.576851e-03 
37 7.824456e-03 
38 6.262196e-03 
39 2.822983e-03 
40 6.295298e-03 
41 5.779501e-03 
42 6.873682e-03 
43 4.364638e-03 
44 4.951649e-03 
45 7.266779e-03 
46 4.560250e-03 
47 3.688047e-03 
48 4.613590e-03 
49 4.964707e-03 
50 4.069436e-03 
51 4.048396e-03 
52 4.576073e-03 
53 4.082747e-03 
54 1.880479e-03 
55 5.465568e-03 
56 4.521111e-03 
57 5.183817e-03 
58 4.618425e-03 
59 6.060447e-03 
60 4.337387e-03 
61 2.563560e-03 
62 4.750092e-03 
63 5.215040e-03 
64 1.319934e-03 
65 5.836958e-04 
66 1.730184e-02 
67 1.977819e-03 
68 -7.431040e-04 
69 5.189933e-03 
70 2.561026e-03 
71 5.372914e-03 
72 2.648335e-03 
73 3.932468e-03 
74 1.817861e-03 
75 1.965123e-03 
76 -6.914668e-04 
77 1.119875e-03 
78 8.079852e-03 
79 -8.930105e-03 
80 -1.622657e-02 
81 -1.901429e-02 
82 -2.069808e-02 
83 -2.681966e-02 
84 -3.067220e-02 
85 -2.942990e-02 
86 -3.437633e-02 
87 -3.802223e-02 
88 -3.388238e-02 
89 -3.053301e-02 
90 -2.070538e-02 
91 -2.906200e-02 
92 -2.719446e-02 
93 -2.336640e-02 
94 -2.069328e-02 
95 -2.469020e-02 
96 -2.134702e-02 
97 -1.383074e-02 
98 -1.273308e-02 
99 -1.568855e-02 
100 -1.014782e-02 
101 2.983795e-03 
102 -3.457331e-03 
103 -6.232897e-03 
104 -7.252868e-03 
105 8.717334e-03 
106 -1.311669e-02 
107 -1.429900e-02 
108 -9.317131e-03 
109 -2.652449e-02 
110 -1.170008e-02 
111 -5.334265e-03 
112 -2.334063e-02 
113 -5.329464e-03 
114 -3.609583e-02 
115 -1.597414e-02 
116 -2.200191e-02 
117 -3.804174e-02 
118 -3.861823e-02 
119 -5.373385e-02 
120 -6.739213e-02 
121 -3.504351e-02 
122 -6.773912e-02 
123 -4.691995e-02 
124 -6.936869e-02 
125 -7.216579e-02 
126 -8.243220e-02 
127 -9.255325e-02 
128 -9.717875e-02 
129 -1.198233e-01 
130 -1.106359e-01 
131 -9.929284e-02 
132 -1.247038e-01 
133 -1.361941e-01 
134 -1.273188e-01 
135 -1.135819e-01 
136 -1.065796e-01 
137 -1.505326e-01 
138 -1.152565e-01 
139 -1.140789e-01 
140 -1.420744e-01 
141 -1.282779e-01 
142 -1.233872e-01 
143 -1.445279e-01 
144 -1.238004e-01 
145 -1.344295e-01 
146 -1.220769e-01 
147 -1.306900e-01 
148 -1.398145e-01 
149 -1.374465e-01 
150 -1.431343e-01 
151 -1.111626e-01 
152 -1.239578e-01 
153 -9.499074e-02 
154 -9.215859e-02 
155 -5.182332e-02 
156 -3.903312e-02 
157 -2.904980e-02 
158 -8.121836e-03 
159 2.174223e-02 
160 1.747652e-02 
161 1.813074e-02 
162 5.094713e-02 
163 4.360647e-02 
164 4.435417e-02 
165 4.417064e-02 
166 6.114020e-02 
167 5.180710e-02 
168 3.711868e-02 
169 4.594553e-02 
170 6.618609e-02 
171 6.503484e-02 
172 6.475007e-02 
173 5.891352e-02 
174 6.740473e-02 
175 5.917675e-02 
176 5.487601e-02 
177 5.609635e-02 
178 6.177732e-02 
179 5.595694e-02 
180 7.500968e-02 
181 6.972828e-02 
182 5.699091e-02 
183 7.757854e-02 
184 7.917897e-02 
185 6.681927e-02 
186 6.193215e-02 
187 7.071956e-02 
188 7.189884e-02 
189 8.296308e-02 
190 7.040452e-02 
191 8.847123e-02 
192 9.111997e-02 
193 9.013647e-02 
194 9.960725e-02 
195 1.052642e-01 
196 1.358412e-01 
197 1.113335e-01 
198 1.228107e-01 
199 1.221379e-01 
200 1.388081e-01 
201 1.622284e-01 
202 1.608231e-01 
203 1.596183e-01 
204 1.341428e-01 
205 1.493921e-01 
206 1.580256e-01 
207 1.408392e-01 
208 1.466500e-01 
209 1.521625e-01 
210 1.512953e-01 
211 1.231748e-01 
212 1.272918e-01 
213 1.365351e-01 
