0 -2.268712e-01 
1 -2.554610e-01 
2 -1.462117e-01 
3 -2.633204e-01 
4 -2.289592e-01 
5 -1.816270e-01 
6 1.652186e-01 
7 -2.201078e-01 
8 -1.265092e-01 
9 1.530405e-01 
10 1.039656e-01 
11 2.304639e-01 
12 2.552264e-01 
13 8.872160e-02 
14 2.196167e-01 
15 8.808919e-02 
16 -3.061400e-01 
17 -5.634956e-02 
18 -9.453650e-02 
19 3.136081e-02 
20 -1.614025e-01 
21 -8.289914e-02 
22 -6.244162e-02 
23 -1.286276e-01 
24 -8.085098e-02 
25 -1.690401e-01 
26 -1.130881e-01 
27 -3.532172e-02 
28 2.095239e-02 
29 3.928663e-02 
30 1.726852e-02 
31 9.029987e-02 
32 2.733257e-02 
33 6.206614e-02 
34 5.148469e-02 
35 8.836330e-02 
36 7.206961e-02 
37 5.815016e-02 
38 5.974678e-02 
39 4.283102e-02 
40 5.938026e-02 
41 5.055221e-02 
42 5.161826e-02 
43 -1.864285e-02 
44 7.938717e-03 
45 1.597157e-02 
46 -4.582950e-02 
47 -1.965374e-03 
48 -5.710262e-02 
49 -4.851822e-02 
50 -6.287719e-02 
51 -1.787806e-02 
52 -1.418086e-02 
53 -4.810232e-02 
54 -4.112307e-02 
55 -3.433689e-02 
56 -1.404906e-02 
57 -3.658522e-03 
58 -1.798995e-02 
59 -4.166401e-02 
60 -1.839277e-02 
61 -2.219294e-02 
62 -3.346276e-02 
63 4.644152e-03 
64 6.661292e-03 
65 -1.885626e-02 
66 2.171685e-02 
67 2.203126e-02 
68 3.136634e-02 
69 3.146809e-02 
70 1.190172e-01 
71 1.270570e-02 
72 -2.089426e-03 
73 8.736620e-02 
74 7.292795e-02 
75 1.398920e-01 
76 1.229727e-01 
77 6.878013e-02 
78 1.320531e-02 
79 1.771583e-02 
80 3.517373e-02 
81 1.451396e-02 
82 1.206038e-02 
83 1.082873e-02 
84 9.706605e-03 
85 3.530578e-03 
86 1.352095e-03 
87 -1.754337e-03 
88 -8.262060e-03 
89 3.136400e-03 
90 -1.576935e-03 
91 -8.150348e-03 
92 -9.957892e-03 
93 -1.471910e-02 
94 -7.246705e-03 
95 -1.348858e-02 
96 -1.959220e-02 
97 -2.638970e-02 
98 -5.155757e-02 
99 -2.177518e-02 
100 -5.007178e-03 
101 4.021325e-02 
102 4.382561e-02 
103 9.337887e-02 
104 8.221944e-02 
105 7.723746e-02 
106 6.012685e-02 
107 5.776172e-02 
108 -1.161185e-02 
109 3.003182e-02 
110 1.095691e-02 
111 -5.914598e-03 
112 -2.443990e-02 
113 -2.294514e-02 
114 -1.421154e-02 
115 -5.277884e-02 
116 6.750840e-03 
117 -2.391123e-04 
118 -2.402259e-02 
119 -2.621954e-02 
120 3.498286e-03 
121 1.748379e-03 
122 -3.377564e-03 
123 -1.410599e-02 
124 -5.048724e-04 
125 8.671464e-03 
126 -1.127696e-02 
127 6.125157e-04 
128 1.326973e-02 
129 7.235986e-03 
130 1.149434e-02 
131 1.236828e-02 
132 1.474183e-02 
133 4.390240e-03 
134 1.224375e-02 
135 9.953692e-03 
136 4.074755e-03 
137 6.758032e-03 
138 6.472050e-03 
139 -6.121317e-03 
140 2.028241e-04 
141 -2.490162e-03 
142 -4.401394e-03 
143 -3.581487e-03 
144 -6.213888e-03 
145 -6.764762e-03 
146 -5.667314e-03 
147 -4.845288e-03 
148 -4.982720e-03 
149 -8.671416e-04 
150 -3.070741e-03 
151 7.513588e-04 
152 2.654933e-03 
153 7.382690e-04 
154 1.111321e-03 
155 2.870481e-03 
156 7.748327e-04 
157 8.987185e-03 
158 1.785040e-03 
159 -3.938701e-03 
160 5.473905e-04 
161 -3.293191e-03 
162 -6.526878e-03 
163 -1.936458e-03 
164 -5.147272e-03 
165 -6.274969e-03 
166 -1.979260e-03 
167 -5.569095e-03 
168 -5.102800e-03 
169 -3.634980e-03 
170 -2.119505e-03 
171 -1.413036e-03 
172 -2.334218e-03 
173 -3.307855e-03 
174 1.099903e-03 
175 2.617970e-03 
176 2.297621e-03 
177 2.344284e-03 
178 7.204823e-03 
179 4.929918e-03 
180 7.229386e-03 
181 7.599855e-03 
182 5.719113e-03 
183 6.597063e-03 
184 8.472617e-04 
185 5.911540e-03 
186 1.072412e-02 
187 -8.868458e-04 
188 5.595118e-03 
189 4.469623e-03 
190 -6.337581e-03 
191 2.077134e-03 
192 1.978498e-03 
193 5.686310e-04 
194 1.531836e-03 
195 3.200085e-04 
196 -4.526956e-03 
197 -4.578357e-03 
198 -2.948717e-03 
199 -3.236899e-03 
200 -8.309797e-03 
201 -9.599014e-03 
202 -8.678192e-03 
203 -1.722285e-03 
204 1.105530e-02 
205 -3.725998e-03 
206 -6.404316e-03 
207 -1.134494e-03 
208 -5.734122e-03 
209 -7.093458e-03 
210 -1.700861e-03 
211 1.231088e-02 
212 1.033920e-03 
213 -2.757363e-03 
