0 8.089330e-03 
1 1.334292e-02 
2 -2.548541e-03 
3 2.660275e-03 
4 -1.063350e-02 
5 6.516475e-03 
6 -3.402589e-02 
7 2.992303e-03 
8 4.756315e-03 
9 -2.501119e-02 
10 -1.584080e-02 
11 -3.682197e-02 
12 -3.574286e-02 
13 -7.888636e-03 
14 -3.275974e-02 
15 -3.848425e-02 
16 -1.277632e-03 
17 -5.377621e-02 
18 -3.042727e-02 
19 -2.529112e-02 
20 -1.558334e-02 
21 -6.906130e-02 
22 -1.187689e-02 
23 1.319501e-03 
24 1.963156e-02 
25 1.987149e-02 
26 1.669225e-02 
27 1.491528e-02 
28 3.681108e-02 
29 4.386745e-02 
30 2.169755e-02 
31 5.112206e-02 
32 4.838531e-02 
33 3.884887e-02 
34 1.640334e-02 
35 5.286060e-02 
36 4.150780e-02 
37 2.592146e-02 
38 2.844276e-02 
39 2.831991e-02 
40 3.211842e-02 
41 3.087953e-02 
42 2.999192e-02 
43 8.337079e-03 
44 1.825740e-02 
45 2.716410e-02 
46 4.668517e-03 
47 2.121784e-02 
48 3.039974e-03 
49 4.742919e-03 
50 -2.271831e-03 
51 -7.236736e-03 
52 -2.286289e-03 
53 -5.414536e-03 
54 -2.751655e-03 
55 -1.546338e-02 
56 -1.140918e-02 
57 -1.165356e-02 
58 -2.393700e-02 
59 -2.019959e-02 
60 -3.236566e-02 
61 -1.599433e-02 
62 -2.561849e-02 
63 -2.032656e-02 
64 -2.467351e-02 
65 -2.121329e-02 
66 -6.589348e-02 
67 -1.900482e-02 
68 -1.560980e-02 
69 -1.326453e-02 
70 2.163251e-04 
71 -2.139688e-02 
72 -1.245477e-02 
73 -8.739785e-03 
74 -1.298028e-03 
75 3.005078e-03 
76 1.489866e-02 
77 1.148216e-02 
78 -1.841722e-03 
79 -4.202452e-04 
80 2.257564e-03 
81 -3.503211e-03 
82 -4.262124e-03 
83 -6.574650e-03 
84 -7.133503e-03 
85 -1.023060e-02 
86 -7.450131e-03 
87 -7.526462e-03 
88 -8.802082e-03 
89 -1.219858e-03 
90 6.508110e-04 
91 -4.122266e-03 
92 -5.911406e-03 
93 -4.922977e-03 
94 3.239353e-03 
95 -3.145668e-03 
96 5.967151e-04 
97 3.304746e-03 
98 1.743316e-03 
99 3.124731e-03 
100 1.988641e-02 
101 2.505429e-03 
102 6.516301e-02 
103 7.043311e-02 
104 7.320646e-02 
105 7.316139e-02 
106 6.418062e-02 
107 7.795606e-02 
108 6.521895e-02 
109 8.179433e-02 
110 4.624462e-02 
111 6.896734e-02 
112 6.888232e-02 
113 7.024058e-02 
114 6.011037e-02 
115 5.256123e-02 
116 5.853806e-02 
117 2.383520e-02 
118 5.207780e-02 
119 2.673762e-02 
120 -3.164823e-03 
121 7.999209e-03 
122 2.132799e-02 
123 5.464228e-02 
124 2.526083e-05 
125 2.083172e-02 
126 3.764703e-02 
127 -5.335878e-03 
128 -2.129979e-02 
129 -3.738144e-03 
130 -3.849097e-02 
131 -4.102442e-02 
132 -3.882895e-02 
133 -4.261753e-02 
134 -6.234716e-02 
135 -6.446444e-02 
136 -4.514488e-02 
137 -8.805329e-02 
138 -7.398463e-02 
139 -7.480533e-02 
140 -6.233385e-02 
141 -6.226759e-02 
142 -5.306955e-02 
143 -6.032975e-02 
144 -5.162846e-02 
145 -4.382412e-02 
146 -2.969773e-02 
147 -2.766677e-02 
148 -2.658171e-02 
149 1.843099e-02 
150 2.055516e-02 
151 1.231341e-02 
152 4.462353e-02 
153 4.390933e-02 
154 7.379066e-02 
155 1.264661e-01 
156 1.502032e-01 
157 1.437212e-01 
158 1.643794e-01 
159 1.455450e-01 
160 1.359718e-01 
161 1.540613e-01 
162 9.806072e-02 
163 1.302826e-01 
164 5.331532e-02 
165 7.828374e-02 
166 2.804685e-02 
167 4.374739e-02 
168 8.269839e-02 
169 5.262673e-02 
170 -1.782953e-03 
171 1.198582e-02 
172 3.910157e-02 
173 2.126250e-02 
174 -1.584427e-02 
175 1.543722e-02 
176 -3.186869e-02 
177 -3.387017e-02 
178 -1.289097e-01 
179 -6.230419e-02 
180 -1.218493e-01 
181 -1.240299e-01 
182 -1.118043e-01 
183 -1.299238e-01 
184 -1.277527e-01 
185 -1.605809e-01 
186 -1.369556e-01 
187 -1.742287e-01 
188 -2.038490e-01 
189 -2.163782e-01 
190 -2.426220e-01 
191 -2.670028e-01 
192 -2.568479e-01 
193 -2.375283e-01 
194 -1.375885e-01 
195 -6.316145e-02 
196 -3.235728e-02 
197 -2.186082e-02 
198 3.363778e-03 
199 1.044131e-02 
200 3.984928e-02 
201 7.322537e-02 
202 6.325585e-02 
203 6.828112e-02 
204 5.788136e-02 
205 4.856247e-02 
206 8.122366e-02 
207 8.082555e-02 
208 8.211696e-02 
209 9.218462e-02 
210 8.720744e-02 
211 4.729270e-02 
212 4.103058e-02 
213 5.454638e-02 
