0 -6.682193e-02 
1 -9.044783e-02 
2 -9.363110e-02 
3 -1.047185e-01 
4 -1.284822e-01 
5 -8.470983e-02 
6 -2.145911e-01 
7 -1.212455e-01 
8 -1.229078e-01 
9 -1.718669e-01 
10 -1.500495e-01 
11 -2.277887e-01 
12 -2.140067e-01 
13 -1.722956e-01 
14 -1.905115e-01 
15 -2.086725e-01 
16 -1.232620e-01 
17 -6.380185e-02 
18 -1.326334e-01 
19 -1.471475e-01 
20 -3.058184e-02 
21 -7.199817e-02 
22 -7.491243e-02 
23 -1.035221e-01 
24 -4.114655e-02 
25 -5.356614e-02 
26 -4.067476e-02 
27 -8.013410e-02 
28 -4.183029e-02 
29 -7.059463e-02 
30 -3.908996e-02 
31 -5.486764e-02 
32 -5.089615e-02 
33 -7.380906e-03 
34 6.327419e-02 
35 -4.639749e-02 
36 1.176217e-02 
37 9.803327e-02 
38 1.127016e-01 
39 2.260235e-02 
40 6.941272e-02 
41 1.037732e-01 
42 1.352643e-01 
43 8.940825e-02 
44 9.224625e-02 
45 1.617579e-01 
46 1.235777e-01 
47 1.005070e-01 
48 1.114412e-01 
49 1.337035e-01 
50 1.084568e-01 
51 1.210892e-01 
52 1.218783e-01 
53 1.351400e-01 
54 1.156099e-01 
55 1.575957e-01 
56 1.332583e-01 
57 1.033468e-01 
58 1.409929e-01 
59 1.870119e-01 
60 1.576737e-01 
61 8.867720e-02 
62 1.253506e-01 
63 1.143612e-01 
64 8.804164e-02 
65 9.021295e-02 
66 8.652993e-02 
67 6.211291e-02 
68 7.695374e-02 
69 9.410341e-02 
70 4.949954e-02 
71 1.061821e-01 
72 7.040049e-02 
73 6.630413e-02 
74 5.149251e-02 
75 5.947320e-02 
76 3.559587e-02 
77 6.329357e-02 
78 3.839141e-02 
79 3.973466e-03 
80 -1.050886e-02 
81 -1.196225e-02 
82 -1.324016e-02 
83 -1.713734e-02 
84 -1.932018e-02 
85 -1.114673e-02 
86 -2.326584e-02 
87 -2.632052e-02 
88 -1.415442e-02 
89 -2.054284e-02 
90 -1.338779e-02 
91 -2.037630e-02 
92 -1.797880e-02 
93 -1.197306e-02 
94 -1.645508e-02 
95 -1.857705e-02 
96 -1.799535e-02 
97 -1.524731e-02 
98 -2.237718e-02 
99 -1.599887e-02 
100 -1.826750e-02 
101 1.622584e-02 
102 8.895116e-04 
103 -3.000386e-03 
104 -7.734494e-03 
105 -5.552013e-03 
106 -1.219906e-02 
107 -1.550873e-02 
108 -2.768578e-02 
109 -1.569853e-02 
110 -2.359355e-02 
111 -1.188667e-02 
112 -1.254423e-02 
113 -8.081531e-03 
114 -5.119651e-03 
115 -4.625973e-03 
116 -8.814936e-03 
117 1.085685e-02 
118 -4.323895e-03 
119 -1.553609e-02 
120 3.056941e-03 
121 8.141991e-03 
122 -3.049263e-03 
123 -6.294044e-03 
124 6.773624e-04 
125 1.061385e-03 
126 -4.134584e-03 
127 -1.431921e-04 
128 4.841550e-03 
129 3.076618e-03 
130 4.656214e-03 
131 6.165702e-03 
132 6.785612e-03 
133 4.871975e-03 
134 6.971466e-03 
135 6.126595e-03 
136 5.609396e-03 
137 1.014816e-02 
138 7.671644e-03 
139 2.370240e-03 
140 1.066161e-02 
141 1.199847e-02 
142 1.175063e-02 
143 1.225419e-02 
144 1.098036e-02 
145 1.344321e-02 
146 1.223433e-02 
147 1.271667e-02 
148 1.365226e-02 
149 1.204687e-02 
150 1.280020e-02 
151 9.961801e-03 
152 1.027578e-02 
153 7.125417e-03 
154 7.006700e-03 
155 8.948365e-04 
156 -2.131811e-03 
157 -2.254399e-03 
158 -5.996498e-03 
159 -1.085419e-02 
160 -9.196044e-03 
161 -1.058901e-02 
162 -1.482706e-02 
163 -1.352181e-02 
164 -1.072661e-02 
165 -1.239252e-02 
166 -1.326422e-02 
167 -1.395666e-02 
168 -1.093613e-02 
169 -1.080155e-02 
170 -1.309536e-02 
171 -1.359132e-02 
172 -9.501173e-03 
173 -1.302978e-02 
174 -1.317517e-02 
175 -8.451114e-03 
176 -8.630487e-03 
177 -1.002878e-02 
178 -3.774325e-03 
179 -7.498002e-03 
180 -8.547935e-03 
181 -7.397807e-03 
182 -6.072535e-03 
183 -5.384957e-03 
184 -1.532563e-03 
185 -2.285832e-03 
186 -2.169588e-03 
187 -3.622350e-03 
188 1.481619e-02 
189 5.423090e-03 
190 6.157183e-03 
191 9.510738e-03 
192 1.092942e-02 
193 9.072983e-03 
194 1.031611e-02 
195 1.494481e-02 
196 1.568816e-02 
197 1.391511e-02 
198 1.342515e-02 
199 1.258539e-02 
200 1.365896e-02 
201 1.716034e-02 
202 1.604524e-02 
203 1.511276e-02 
204 1.357626e-02 
205 1.630367e-02 
206 1.502107e-02 
207 1.088845e-02 
208 1.312038e-02 
209 1.470406e-02 
210 1.246903e-02 
211 -3.155288e-03 
212 1.064075e-02 
213 1.246664e-02 
