0 -4.563633e-02 
1 -6.741315e-02 
2 -9.385894e-04 
3 -6.310614e-02 
4 -3.695830e-02 
5 -3.438480e-02 
6 -1.099252e-02 
7 -5.208768e-02 
8 -5.793294e-02 
9 -1.440923e-02 
10 3.662545e-02 
11 -4.785445e-03 
12 -3.249454e-03 
13 -2.459159e-02 
14 6.361783e-03 
15 1.324165e-02 
16 -6.313829e-02 
17 8.210248e-02 
18 4.032976e-02 
19 9.780541e-04 
20 2.192684e-02 
21 1.056519e-01 
22 6.126955e-02 
23 4.731321e-03 
24 2.996326e-02 
25 -1.063280e-02 
26 3.403575e-03 
27 3.664083e-03 
28 -6.836339e-03 
29 1.396445e-02 
30 1.587816e-02 
31 1.634033e-02 
32 2.775979e-02 
33 1.673134e-02 
34 -1.399054e-02 
35 2.999299e-02 
36 3.768685e-02 
37 1.051463e-02 
38 -1.307997e-02 
39 3.220288e-02 
40 1.560625e-02 
41 1.435689e-02 
42 -2.042075e-02 
43 -4.378789e-02 
44 -4.453820e-02 
45 -2.712467e-02 
46 1.517217e-02 
47 -1.913571e-02 
48 5.036840e-03 
49 6.508050e-02 
50 4.009237e-02 
51 -6.075347e-03 
52 -1.189177e-02 
53 6.921899e-02 
54 5.284444e-02 
55 -1.737286e-02 
56 4.769202e-02 
57 -3.671062e-02 
58 -3.597447e-02 
59 -4.166029e-03 
60 -3.134101e-02 
61 -7.908644e-02 
62 -1.395906e-02 
63 -3.484923e-02 
64 -5.297274e-02 
65 6.021044e-03 
66 1.831359e-02 
67 1.299745e-03 
68 3.669957e-02 
69 2.851957e-02 
70 2.234109e-02 
71 -1.344644e-02 
72 2.798367e-02 
73 3.604663e-02 
74 8.867685e-03 
75 2.426926e-02 
76 -2.532153e-02 
77 1.149572e-03 
78 -2.225652e-02 
79 -1.267900e-01 
80 -1.809289e-01 
81 -1.644767e-01 
82 -1.422569e-01 
83 -1.681522e-01 
84 -1.554259e-01 
85 -1.125289e-01 
86 -7.003020e-02 
87 -5.719016e-02 
88 1.735116e-02 
89 1.105198e-02 
90 6.161691e-02 
91 6.526817e-02 
92 6.849943e-02 
93 1.343342e-01 
94 7.527933e-02 
95 1.189471e-01 
96 2.145519e-01 
97 2.325448e-01 
98 1.798009e-01 
99 2.088990e-01 
100 1.854123e-01 
101 7.126305e-02 
102 -5.919556e-02 
103 -5.933695e-02 
104 -8.288270e-02 
105 -8.315268e-02 
106 -6.316671e-02 
107 -3.642440e-02 
108 -3.754378e-02 
109 -3.586280e-02 
110 3.117008e-02 
111 -2.042079e-02 
112 4.834675e-02 
113 5.143292e-02 
114 4.683376e-02 
115 4.097201e-02 
116 -2.761976e-02 
117 6.329198e-03 
118 4.051232e-02 
119 -1.394699e-02 
120 -1.571970e-03 
121 2.174899e-02 
122 2.408151e-02 
123 4.298555e-02 
124 3.264962e-03 
125 2.057160e-03 
126 3.418012e-02 
127 -4.306823e-03 
128 -2.220336e-02 
129 -1.667946e-02 
130 -2.571139e-02 
131 -2.619331e-02 
132 -3.442834e-02 
133 -1.395546e-02 
134 -1.901978e-02 
135 -5.894294e-03 
136 6.808026e-03 
137 7.079507e-03 
138 3.852612e-03 
139 2.460280e-02 
140 9.052742e-03 
141 1.976527e-02 
142 2.390804e-02 
143 2.097174e-02 
144 2.468614e-02 
145 1.947763e-02 
146 9.740565e-03 
147 5.432778e-03 
148 2.255654e-03 
149 -2.283255e-02 
150 -7.826946e-03 
151 -2.670907e-02 
152 -3.284766e-02 
153 -2.565614e-02 
154 -2.954582e-02 
155 -7.201089e-03 
156 5.303951e-03 
157 -2.595297e-03 
158 2.101756e-02 
159 3.479220e-02 
160 2.211829e-02 
161 3.077854e-02 
162 2.800497e-02 
163 1.652737e-02 
164 2.205322e-02 
165 1.711293e-02 
166 1.031576e-03 
167 1.170125e-02 
168 5.271465e-03 
169 -7.986707e-03 
170 -5.280566e-04 
171 -1.293442e-02 
172 -3.606329e-02 
173 -3.860164e-04 
174 -1.125610e-02 
175 -2.178279e-02 
176 -3.909259e-02 
177 -2.660848e-02 
178 -3.476192e-03 
179 -3.840669e-02 
180 -1.930597e-02 
181 -2.476670e-02 
182 -1.721794e-02 
183 -6.076625e-02 
184 4.152768e-03 
185 -9.758260e-04 
186 1.100661e-02 
187 -2.577307e-03 
188 2.211943e-02 
189 1.017116e-01 
190 8.624825e-02 
191 6.671107e-02 
192 4.828453e-02 
193 3.415076e-02 
194 -3.568817e-02 
195 -1.138135e-01 
196 -1.819112e-01 
197 -1.640405e-01 
198 -2.107979e-01 
199 -1.922072e-01 
200 -6.857386e-02 
201 -4.637700e-02 
202 -7.550101e-02 
203 -5.804273e-02 
204 -8.870836e-02 
205 -1.074409e-01 
206 4.272387e-02 
207 9.188544e-02 
208 1.290693e-01 
209 1.213240e-01 
210 2.204146e-01 
211 1.523763e-01 
212 2.092677e-01 
213 1.297977e-01 
