0 -2.713283e-02 
1 -5.841698e-02 
2 -2.335155e-02 
3 -1.066064e-01 
4 -7.000140e-02 
5 -7.508244e-02 
6 -1.606928e-02 
7 -7.461991e-02 
8 -1.045121e-01 
9 -1.639931e-02 
10 -2.008454e-02 
11 6.870513e-03 
12 9.221058e-03 
13 -2.452803e-02 
14 3.377967e-02 
15 7.238182e-02 
16 -1.118330e-01 
17 1.006904e-01 
18 1.006649e-01 
19 4.751579e-02 
20 2.011572e-02 
21 1.284724e-01 
22 9.997746e-02 
23 1.136345e-01 
24 1.164907e-01 
25 1.174646e-01 
26 9.409548e-02 
27 -1.512477e-02 
28 -8.824519e-03 
29 -3.430445e-02 
30 -2.462054e-02 
31 -3.332340e-02 
32 -8.029287e-03 
33 -1.743553e-02 
34 -9.101160e-03 
35 4.466330e-03 
36 2.859767e-02 
37 2.390137e-02 
38 1.486785e-02 
39 5.939456e-02 
40 3.895987e-02 
41 2.089173e-02 
42 7.006755e-03 
43 -4.550203e-02 
44 -3.416512e-02 
45 -1.864672e-02 
46 -1.608642e-02 
47 -3.964871e-02 
48 -7.213276e-03 
49 1.506070e-02 
50 -2.129519e-03 
51 1.451736e-03 
52 3.618957e-03 
53 1.792212e-02 
54 1.136156e-02 
55 2.219755e-03 
56 1.907118e-02 
57 -5.700316e-03 
58 4.051257e-03 
59 1.025219e-02 
60 1.744689e-03 
61 -2.290214e-02 
62 4.042067e-03 
63 -6.429164e-03 
64 -1.966620e-02 
65 2.119435e-02 
66 -1.704018e-02 
67 1.709598e-02 
68 9.372423e-03 
69 1.197047e-02 
70 -4.034888e-03 
71 -8.727261e-03 
72 5.999488e-03 
73 1.895741e-02 
74 -1.159495e-02 
75 -4.088539e-03 
76 -3.604771e-02 
77 -1.839737e-02 
78 1.431141e-02 
79 -9.529088e-02 
80 -1.492362e-01 
81 -1.332457e-01 
82 -1.148442e-01 
83 -1.354745e-01 
84 -1.236631e-01 
85 -8.571387e-02 
86 -5.645172e-02 
87 -4.611504e-02 
88 1.874565e-02 
89 1.106773e-02 
90 5.419383e-02 
91 5.404858e-02 
92 5.719100e-02 
93 1.104843e-01 
94 5.963106e-02 
95 9.459105e-02 
96 1.648331e-01 
97 1.781516e-01 
98 1.303614e-01 
99 1.598821e-01 
100 1.339571e-01 
101 4.314323e-02 
102 -7.316597e-02 
103 -5.908799e-02 
104 -6.873752e-02 
105 -5.275000e-02 
106 -3.355796e-02 
107 -3.340186e-02 
108 -4.264974e-02 
109 -3.583001e-02 
110 1.168629e-03 
111 1.201938e-02 
112 8.123258e-05 
113 -2.073013e-02 
114 7.243407e-03 
115 -1.684558e-02 
116 -2.552794e-02 
117 2.238391e-02 
118 1.339696e-02 
119 -1.192039e-02 
120 2.111932e-02 
121 1.689180e-02 
122 2.359077e-02 
123 1.963225e-02 
124 1.653371e-02 
125 3.468534e-02 
126 1.825810e-02 
127 1.771312e-02 
128 2.065215e-02 
129 3.037312e-02 
130 2.484058e-03 
131 -5.713198e-03 
132 1.536710e-03 
133 -9.580207e-03 
134 -2.259887e-02 
135 -2.934751e-02 
136 -2.068158e-02 
137 -4.688440e-02 
138 -4.159074e-02 
139 -2.335437e-02 
140 -1.599977e-02 
141 -2.186228e-02 
142 -1.952900e-02 
143 -2.103132e-02 
144 -1.248529e-02 
145 9.003981e-04 
146 1.128075e-02 
147 1.240321e-02 
148 1.760032e-02 
149 3.814878e-02 
150 1.922168e-02 
151 3.133646e-02 
152 3.200798e-02 
153 2.594187e-02 
154 3.071394e-02 
155 -5.729040e-03 
156 -1.145890e-02 
157 -3.858577e-02 
158 -3.775837e-02 
159 -1.860084e-02 
160 -3.466603e-02 
161 -1.988041e-02 
162 6.341559e-03 
163 -2.082271e-02 
164 8.760195e-03 
165 1.552984e-02 
166 7.309125e-03 
167 1.830624e-02 
168 1.574768e-02 
169 1.869653e-02 
170 1.517665e-02 
171 1.162998e-02 
172 2.908634e-02 
173 1.786712e-02 
174 -1.462970e-03 
175 -1.485522e-02 
176 1.986522e-02 
177 5.138369e-03 
178 -3.787726e-02 
179 3.218195e-03 
180 -1.083381e-02 
181 -3.479974e-03 
182 -1.424554e-04 
183 4.559385e-02 
184 6.831732e-03 
185 -1.239722e-02 
186 -3.464539e-03 
187 2.402989e-02 
188 -3.656421e-02 
189 -1.357232e-01 
190 -6.887709e-02 
191 -9.296365e-02 
192 -7.430633e-02 
193 -5.352320e-02 
194 2.437674e-02 
195 1.226641e-01 
196 2.039738e-01 
197 1.914577e-01 
198 2.306481e-01 
199 2.173393e-01 
200 9.787266e-02 
201 7.067820e-02 
202 9.953626e-02 
203 6.635359e-02 
204 6.541807e-02 
205 1.181518e-01 
206 -3.215534e-02 
207 -1.061783e-01 
208 -1.301053e-01 
209 -1.287065e-01 
210 -2.440227e-01 
211 -1.670593e-01 
212 -2.416051e-01 
213 -1.412952e-01 
