0 3.836503e-03 
1 7.709790e-04 
2 5.680293e-03 
3 1.100146e-02 
4 1.467513e-02 
5 5.748016e-03 
6 2.383612e-02 
7 -1.224763e-02 
8 1.835922e-02 
9 1.924130e-02 
10 7.141986e-03 
11 2.797377e-02 
12 2.664016e-02 
13 2.755615e-02 
14 2.826329e-02 
15 2.477448e-02 
16 1.422763e-02 
17 9.043713e-03 
18 1.066879e-02 
19 1.557507e-02 
20 7.803111e-03 
21 1.031364e-02 
22 -6.239166e-03 
23 -2.642424e-03 
24 2.604359e-02 
25 1.792565e-02 
26 1.156389e-02 
27 3.080547e-02 
28 3.983190e-02 
29 5.055027e-02 
30 3.313009e-02 
31 5.866824e-02 
32 5.121700e-02 
33 4.281615e-02 
34 2.935598e-02 
35 6.050335e-02 
36 3.843090e-02 
37 2.803378e-02 
38 2.911998e-02 
39 2.655925e-02 
40 2.614735e-02 
41 2.389889e-02 
42 2.768113e-02 
43 1.138689e-02 
44 1.813508e-02 
45 2.550998e-02 
46 7.208880e-03 
47 5.319606e-03 
48 9.652495e-03 
49 2.845828e-03 
50 1.130015e-03 
51 6.573901e-03 
52 1.106073e-02 
53 -3.634324e-03 
54 -1.672388e-02 
55 6.769893e-03 
56 -8.276436e-03 
57 1.159726e-02 
58 5.356912e-03 
59 4.211425e-03 
60 2.211474e-03 
61 6.311292e-03 
62 -9.480208e-05 
63 5.557640e-03 
64 5.138767e-04 
65 -1.336491e-02 
66 -1.191075e-02 
67 -2.938443e-03 
68 -2.896552e-02 
69 -1.590296e-03 
70 -1.758278e-02 
71 -1.101964e-03 
72 -7.641316e-03 
73 -1.347090e-02 
74 -1.281438e-02 
75 -2.086990e-02 
76 -2.148473e-02 
77 -2.091661e-02 
78 -1.182038e-02 
79 8.389118e-03 
80 1.033749e-02 
81 8.761086e-03 
82 9.121640e-03 
83 1.121951e-02 
84 1.262058e-02 
85 1.136860e-02 
86 1.237500e-02 
87 1.340079e-02 
88 1.086404e-02 
89 4.658783e-03 
90 5.507392e-03 
91 8.539913e-03 
92 8.116662e-03 
93 5.277440e-03 
94 -2.340740e-04 
95 5.866461e-03 
96 -5.023235e-04 
97 -2.454559e-03 
98 1.192322e-03 
99 -2.107292e-03 
100 -2.493781e-02 
101 -2.188733e-02 
102 -3.037630e-02 
103 -7.321655e-02 
104 -8.274445e-02 
105 -6.909732e-02 
106 -9.693492e-02 
107 -1.224808e-01 
108 -1.111969e-01 
109 -1.673323e-01 
110 -1.183960e-01 
111 -1.402770e-01 
112 -1.714513e-01 
113 -1.368008e-01 
114 -1.738887e-01 
115 -1.213322e-01 
116 -1.471261e-01 
117 -1.260123e-01 
118 -1.699072e-01 
119 -1.440920e-01 
120 -1.146503e-01 
121 -1.335215e-01 
122 -1.720842e-01 
123 -1.899876e-01 
124 -1.373907e-01 
125 -1.778291e-01 
126 -2.163273e-01 
127 -1.656830e-01 
128 -1.339849e-01 
129 -1.685506e-01 
130 -1.092605e-01 
131 -4.443789e-02 
132 -7.548748e-02 
133 -8.246254e-02 
134 -7.047047e-02 
135 -5.193829e-02 
136 -4.153584e-02 
137 9.685832e-03 
138 9.580361e-03 
139 2.490973e-02 
140 5.867341e-02 
141 1.119981e-01 
142 1.253173e-01 
143 1.206606e-01 
144 1.245355e-01 
145 1.613750e-01 
146 1.502236e-01 
147 1.517107e-01 
148 1.663285e-01 
149 1.493043e-01 
150 1.884655e-01 
151 1.251393e-01 
152 1.451739e-01 
153 1.089838e-01 
154 1.378771e-01 
155 1.070655e-01 
156 1.039492e-01 
157 8.241435e-02 
158 7.077106e-02 
159 3.804932e-02 
160 3.715239e-02 
161 4.324486e-02 
162 1.100584e-03 
163 1.842090e-02 
164 -4.748926e-03 
165 -2.269074e-03 
166 -1.150967e-02 
167 -3.410170e-02 
168 3.677556e-03 
169 -5.066754e-03 
170 -2.278374e-02 
171 -3.481437e-02 
172 -1.415543e-02 
173 -1.945020e-02 
174 -2.724048e-02 
175 -3.254523e-02 
176 -2.580450e-02 
177 -2.395586e-02 
178 -2.833503e-02 
179 -3.003062e-02 
180 -3.557907e-02 
181 -3.198543e-02 
182 -4.360137e-02 
183 -2.896911e-02 
184 -1.178038e-02 
185 -2.611923e-02 
186 -2.455536e-02 
187 -1.906089e-02 
188 -1.121595e-02 
189 -1.020278e-02 
190 -1.006922e-02 
191 -4.151145e-03 
192 -1.624570e-03 
193 -4.263521e-04 
194 1.072272e-02 
195 1.237445e-02 
196 2.483827e-02 
197 1.975980e-02 
198 1.001424e-02 
199 2.106694e-02 
200 3.112901e-02 
201 3.997038e-02 
202 3.610068e-02 
203 3.742015e-02 
204 1.909686e-02 
205 3.121124e-02 
206 4.060329e-02 
207 3.031361e-02 
208 3.836184e-02 
209 2.751738e-02 
210 3.976831e-02 
211 3.228816e-02 
212 2.908204e-02 
213 3.323191e-02 
