0 1.331440e-02 
1 1.821156e-02 
2 2.626510e-02 
3 4.019926e-02 
4 3.148984e-02 
5 4.910423e-02 
6 3.444891e-03 
7 1.604126e-02 
8 2.512558e-02 
9 6.660499e-04 
10 -1.320729e-02 
11 -2.211440e-03 
12 -4.724544e-03 
13 6.369016e-03 
14 -5.932461e-03 
15 -1.414247e-02 
16 3.845550e-02 
17 -2.007282e-02 
18 -2.680554e-02 
19 -7.056856e-03 
20 -5.780329e-03 
21 -5.368814e-02 
22 -4.346144e-02 
23 -2.575288e-02 
24 -2.527817e-02 
25 -2.464306e-02 
26 -2.609608e-02 
27 7.609885e-03 
28 -3.050666e-03 
29 1.359369e-02 
30 8.304927e-03 
31 1.296875e-02 
32 9.761556e-03 
33 8.593765e-03 
34 9.525017e-03 
35 8.490728e-03 
36 -2.934429e-03 
37 -1.250706e-02 
38 -9.133196e-03 
39 -9.996137e-03 
40 -1.234301e-02 
41 -1.341348e-02 
42 -1.334872e-02 
43 9.491007e-04 
44 -1.688151e-03 
45 -1.026779e-02 
46 -2.353723e-03 
47 6.719607e-03 
48 -3.771602e-07 
49 -1.044335e-02 
50 -2.869569e-03 
51 7.229106e-03 
52 5.667958e-03 
53 -4.567283e-03 
54 -1.332642e-02 
55 1.015809e-02 
56 2.104774e-03 
57 1.194851e-02 
58 1.582153e-02 
59 1.191137e-02 
60 1.163298e-02 
61 -1.800336e-04 
62 1.043384e-02 
63 7.392322e-03 
64 -5.822079e-04 
65 7.228513e-03 
66 -1.096248e-02 
67 6.073153e-03 
68 -3.365200e-04 
69 -1.699596e-03 
70 -2.080621e-02 
71 3.110987e-03 
72 3.865208e-03 
73 8.548116e-03 
74 -1.463202e-02 
75 -2.539017e-02 
76 -1.913263e-02 
77 -7.572841e-03 
78 -4.628127e-03 
79 -2.155804e-02 
80 -3.802582e-02 
81 -3.353971e-02 
82 -3.069054e-02 
83 -3.778583e-02 
84 -3.685556e-02 
85 -2.830804e-02 
86 -2.244227e-02 
87 -2.032068e-02 
88 -5.171401e-03 
89 3.009190e-03 
90 7.489149e-03 
91 4.687302e-03 
92 4.206216e-03 
93 2.054242e-02 
94 1.715937e-02 
95 1.626401e-02 
96 4.687845e-02 
97 5.006972e-02 
98 4.417385e-02 
99 4.440014e-02 
100 6.651334e-02 
101 7.077757e-02 
102 8.005302e-02 
103 5.863833e-02 
104 5.402402e-02 
105 5.182729e-02 
106 2.409265e-02 
107 -3.251680e-03 
108 -5.416072e-02 
109 -4.938652e-02 
110 -8.819150e-02 
111 -1.121027e-01 
112 -1.139306e-01 
113 -1.113921e-01 
114 -7.319278e-02 
115 -8.710899e-02 
116 -1.368504e-02 
117 1.572792e-02 
118 -6.150649e-02 
119 1.799534e-02 
120 5.300039e-02 
121 3.379391e-02 
122 2.103657e-02 
123 -4.120262e-02 
124 5.436164e-02 
125 7.163817e-02 
126 -9.763106e-03 
127 7.260581e-02 
128 1.004009e-01 
129 1.195568e-01 
130 8.003422e-02 
131 5.232780e-02 
132 1.023801e-01 
133 3.355877e-02 
134 7.774644e-03 
135 -3.824039e-02 
136 -5.030344e-02 
137 -1.265376e-01 
138 -1.057357e-01 
139 -1.261483e-01 
140 -8.528687e-02 
141 -1.474392e-01 
142 -1.466968e-01 
143 -1.327213e-01 
144 -1.335691e-01 
145 -1.103828e-01 
146 -5.632133e-02 
147 -3.694237e-02 
148 -2.110160e-02 
149 1.357038e-01 
150 6.717303e-02 
151 1.323504e-01 
152 1.905737e-01 
153 1.599250e-01 
154 2.097468e-01 
155 1.467143e-01 
156 8.223059e-02 
157 8.859578e-02 
158 2.571176e-02 
159 -1.092715e-01 
160 -4.102733e-02 
161 -8.110687e-02 
162 -1.762902e-01 
163 -8.779204e-02 
164 -1.336117e-01 
165 -1.632107e-01 
166 -7.480019e-02 
167 -9.274847e-02 
168 -1.124360e-01 
169 -9.074647e-02 
170 -5.131468e-02 
171 3.954857e-03 
172 -2.506025e-02 
173 -9.019740e-02 
174 1.109199e-02 
175 5.505748e-02 
176 6.899435e-02 
177 4.376455e-02 
178 1.370196e-01 
179 1.309311e-01 
180 1.567466e-01 
181 1.787156e-01 
182 1.596853e-01 
183 1.888415e-01 
184 1.194542e-02 
185 1.351896e-01 
186 1.427085e-01 
187 1.137157e-01 
188 8.201765e-03 
189 4.595553e-03 
190 -3.293975e-02 
191 -1.265496e-01 
192 -1.331472e-01 
193 -1.352006e-01 
194 -1.288002e-01 
195 -5.636408e-02 
196 -8.131234e-02 
197 -3.399161e-02 
198 -7.706398e-02 
199 -9.679024e-04 
200 2.357996e-02 
201 1.474362e-02 
202 1.331077e-03 
203 1.916204e-03 
204 2.439847e-03 
205 -2.989063e-02 
206 3.059848e-02 
207 4.944795e-02 
208 5.042138e-02 
209 2.772958e-02 
210 5.925192e-02 
211 2.204843e-02 
212 4.616223e-02 
213 2.152777e-02 
