0 -2.566648e-02 
1 2.444050e-02 
2 4.740894e-02 
3 1.274829e-01 
4 9.699415e-02 
5 1.396536e-01 
6 5.551032e-02 
7 6.110135e-02 
8 1.273920e-01 
9 5.262720e-02 
10 -1.573918e-02 
11 3.940516e-02 
12 3.938487e-02 
13 7.419350e-02 
14 9.760501e-03 
15 -8.895621e-02 
16 1.353850e-01 
17 -1.917862e-01 
18 -1.893162e-01 
19 -6.628975e-02 
20 -3.035006e-02 
21 -2.719125e-01 
22 -2.091896e-01 
23 -2.526277e-01 
24 -1.957336e-01 
25 -2.440813e-01 
26 -1.760397e-01 
27 5.218409e-02 
28 2.750948e-02 
29 1.301133e-01 
30 5.988683e-02 
31 1.320179e-01 
32 9.067010e-02 
33 7.128982e-02 
34 -2.212112e-02 
35 7.871389e-02 
36 -5.832394e-03 
37 -1.127548e-01 
38 -1.078808e-01 
39 -9.019893e-02 
40 -8.395155e-02 
41 -3.902697e-02 
42 -1.036772e-01 
43 6.708479e-03 
44 -3.356648e-02 
45 -3.192866e-02 
46 1.100424e-01 
47 5.994302e-02 
48 6.382322e-02 
49 1.999801e-01 
50 1.281133e-01 
51 5.413676e-03 
52 -9.720699e-03 
53 1.968411e-01 
54 1.151731e-01 
55 -2.745997e-03 
56 8.481596e-02 
57 -3.367602e-02 
58 -7.107744e-02 
59 1.433522e-02 
60 -8.012594e-02 
61 -1.187539e-01 
62 -3.289348e-02 
63 -8.009597e-02 
64 -9.486970e-02 
65 -3.918666e-02 
66 -8.742711e-02 
67 -3.983253e-02 
68 1.923437e-02 
69 -2.260553e-02 
70 3.918196e-02 
71 -4.092940e-02 
72 5.043983e-02 
73 3.205262e-02 
74 3.808234e-02 
75 4.803807e-02 
76 2.114123e-02 
77 7.690957e-02 
78 5.713480e-02 
79 -2.857353e-02 
80 -3.748280e-02 
81 -4.315249e-02 
82 -3.839325e-02 
83 -5.078803e-02 
84 -4.927370e-02 
85 -4.961363e-02 
86 -2.167178e-02 
87 -1.711244e-02 
88 -8.373467e-03 
89 -2.594899e-04 
90 3.969140e-03 
91 1.824351e-02 
92 1.500027e-02 
93 3.424250e-02 
94 2.483177e-02 
95 3.819693e-02 
96 7.776927e-02 
97 8.772110e-02 
98 9.332981e-02 
99 7.695601e-02 
100 7.053518e-02 
101 4.486803e-02 
102 1.529750e-02 
103 -1.698366e-02 
104 -3.981911e-02 
105 -1.927909e-02 
106 -7.729711e-02 
107 -5.679638e-02 
108 -6.281256e-03 
109 -4.231523e-02 
110 -7.277681e-02 
111 -1.349789e-02 
112 2.389092e-03 
113 -1.062106e-02 
114 1.181692e-02 
115 3.653613e-02 
116 -8.462564e-03 
117 1.947599e-02 
118 2.513176e-02 
119 1.254960e-02 
120 1.832303e-02 
121 2.058288e-02 
122 1.560666e-02 
123 2.940647e-02 
124 1.847807e-02 
125 2.188000e-02 
126 2.429175e-02 
127 2.058194e-02 
128 1.044192e-02 
129 2.095118e-02 
130 8.643441e-04 
131 -9.388060e-03 
132 -9.014697e-03 
133 -1.297908e-02 
134 -1.569669e-02 
135 -2.830315e-02 
136 -9.695212e-03 
137 -2.355960e-02 
138 -2.882675e-02 
139 -5.631584e-02 
140 -1.020257e-03 
141 1.878460e-02 
142 1.879468e-02 
143 7.931779e-04 
144 1.021623e-02 
145 3.452663e-02 
146 3.322471e-02 
147 2.966674e-02 
148 3.019404e-02 
149 1.460847e-02 
150 8.419453e-03 
151 3.068155e-03 
152 -3.736317e-03 
153 -1.031663e-02 
154 -1.784036e-02 
155 -3.662655e-02 
156 -3.462984e-02 
157 -3.783561e-02 
158 -4.399261e-02 
159 -9.088725e-03 
160 -2.659505e-02 
161 -1.521133e-02 
162 2.751014e-02 
163 -8.129046e-03 
164 2.554285e-02 
165 3.077735e-02 
166 1.917676e-02 
167 2.849583e-02 
168 1.985640e-02 
169 2.285645e-02 
170 2.154892e-02 
171 4.308088e-03 
172 1.495598e-02 
173 3.233477e-02 
174 1.080137e-02 
175 -1.168128e-02 
176 3.616616e-03 
177 1.029241e-02 
178 -1.916455e-02 
179 -1.174926e-02 
180 -1.369193e-02 
181 -2.659578e-02 
182 -1.885865e-02 
183 -1.962418e-02 
184 8.568676e-03 
185 -2.852858e-02 
186 -1.789858e-02 
187 -4.504744e-02 
188 -1.843911e-02 
189 -1.407053e-02 
190 -5.769071e-02 
191 3.877233e-02 
192 4.661616e-02 
193 5.325949e-02 
194 7.136390e-02 
195 6.440215e-02 
196 8.636996e-02 
197 5.890099e-02 
198 8.141754e-02 
199 5.581730e-02 
200 1.123043e-02 
201 5.935732e-03 
202 1.909159e-02 
203 1.283739e-02 
204 1.701606e-02 
205 3.766373e-02 
206 -2.492219e-02 
207 -4.545184e-02 
208 -5.438788e-02 
209 -4.891609e-02 
210 -8.106062e-02 
211 -4.749999e-02 
212 -7.038545e-02 
213 -3.947331e-02 
