0 3.040282e-04 
1 1.769496e-02 
2 9.214461e-03 
3 1.881293e-02 
4 -9.373737e-04 
5 5.236129e-02 
6 -2.518045e-02 
7 -1.088267e-02 
8 3.938274e-03 
9 -1.997411e-02 
10 -2.451623e-02 
11 -2.573679e-02 
12 -2.647092e-02 
13 1.140711e-02 
14 -1.685177e-02 
15 -6.215045e-03 
16 1.033039e-02 
17 7.421337e-03 
18 5.101512e-03 
19 -7.581967e-03 
20 -7.081771e-03 
21 1.973105e-02 
22 7.150718e-03 
23 2.679215e-02 
24 -5.426126e-03 
25 -6.941095e-03 
26 -4.507270e-02 
27 8.270100e-03 
28 7.382585e-03 
29 2.408763e-02 
30 2.277472e-02 
31 3.030472e-02 
32 1.512934e-02 
33 1.849666e-02 
34 3.256667e-02 
35 2.757894e-02 
36 -2.449657e-02 
37 -6.153137e-02 
38 -3.752885e-02 
39 -2.837818e-02 
40 -6.552757e-02 
41 -5.398326e-02 
42 -5.960972e-02 
43 -4.676920e-03 
44 -1.958495e-02 
45 -3.904099e-02 
46 6.849392e-03 
47 2.132339e-02 
48 1.383397e-02 
49 -7.970382e-03 
50 1.066689e-02 
51 2.457024e-02 
52 3.219037e-02 
53 9.477726e-03 
54 -1.031395e-03 
55 4.873504e-02 
56 2.456914e-02 
57 4.823771e-02 
58 5.969613e-02 
59 5.500856e-02 
60 4.740480e-02 
61 2.194881e-02 
62 4.359074e-02 
63 4.184086e-02 
64 9.996455e-03 
65 1.594976e-02 
66 -6.014541e-03 
67 4.206335e-03 
68 -6.148196e-02 
69 -2.571307e-02 
70 -1.438167e-01 
71 -1.012853e-03 
72 -1.995334e-02 
73 -4.808484e-02 
74 -7.088424e-02 
75 -1.470448e-01 
76 -7.610887e-02 
77 -1.646131e-02 
78 -2.974873e-02 
79 -3.701147e-02 
80 -7.114654e-02 
81 -5.963137e-02 
82 -5.658100e-02 
83 -6.994421e-02 
84 -6.982186e-02 
85 -5.533900e-02 
86 -4.936201e-02 
87 -4.710175e-02 
88 -1.795192e-02 
89 9.811315e-03 
90 1.093585e-02 
91 -1.836753e-03 
92 -5.138648e-03 
93 2.352385e-02 
94 3.835958e-02 
95 1.750526e-02 
96 7.226785e-02 
97 8.187347e-02 
98 6.223537e-02 
99 7.440831e-02 
100 1.576066e-01 
101 1.225525e-01 
102 2.438397e-01 
103 2.781179e-01 
104 2.899839e-01 
105 2.827744e-01 
106 2.148488e-01 
107 1.986049e-01 
108 3.098287e-02 
109 5.664993e-02 
110 -5.170842e-02 
111 -7.748574e-02 
112 -1.586675e-01 
113 -1.387089e-01 
114 -1.487663e-01 
115 -1.206628e-01 
116 -1.936535e-02 
117 -7.276421e-02 
118 -1.596152e-01 
119 -3.493186e-02 
120 -2.989341e-02 
121 -1.039733e-01 
122 -9.468770e-02 
123 -1.273753e-01 
124 -3.534737e-02 
125 -5.440569e-02 
126 -1.284750e-01 
127 -1.750734e-02 
128 3.237782e-02 
129 -2.924194e-02 
130 7.305183e-02 
131 8.385925e-02 
132 8.310627e-02 
133 7.272575e-02 
134 1.267595e-01 
135 1.346597e-01 
136 6.347185e-02 
137 1.459037e-01 
138 1.376011e-01 
139 1.143954e-01 
140 4.787332e-02 
141 2.079038e-02 
142 3.083310e-03 
143 2.711452e-02 
144 -1.057744e-03 
145 -5.126226e-02 
146 -6.575955e-02 
147 -6.310599e-02 
148 -7.365224e-02 
149 -1.000064e-01 
150 -8.156706e-02 
151 -6.965590e-02 
152 -7.942674e-02 
153 -6.186777e-02 
154 -8.359192e-02 
155 -2.262096e-02 
156 -1.567621e-03 
157 4.740902e-02 
158 4.019432e-02 
159 4.956112e-02 
160 5.136201e-02 
161 4.378264e-02 
162 4.097435e-02 
163 4.648873e-02 
164 2.756576e-02 
165 3.309613e-02 
166 2.028498e-02 
167 -7.230992e-03 
168 2.075432e-02 
169 1.776874e-02 
170 1.468740e-03 
171 -1.992174e-02 
172 -2.753826e-03 
173 9.155974e-03 
174 -1.012735e-02 
175 -1.897997e-02 
176 -2.339199e-02 
177 -1.688634e-02 
178 -3.427536e-02 
179 -3.748632e-02 
180 -3.707599e-02 
181 -3.443069e-02 
182 -5.193744e-02 
183 -3.554495e-02 
184 5.058830e-03 
185 -2.493882e-02 
186 -4.626287e-03 
187 -1.479870e-02 
188 7.274693e-04 
189 5.151229e-03 
190 1.311609e-02 
191 3.122311e-02 
192 3.157030e-02 
193 3.244600e-02 
194 2.684040e-02 
195 1.159797e-02 
196 1.671816e-02 
197 4.667954e-03 
198 1.226743e-02 
199 8.506782e-03 
200 -9.229827e-03 
201 -1.074627e-02 
202 -7.447057e-03 
203 5.748314e-03 
204 5.501786e-02 
205 1.405339e-02 
206 -1.577645e-02 
207 -1.182500e-02 
208 -2.250795e-02 
209 -2.548496e-02 
210 -2.286602e-02 
211 -1.509047e-02 
212 -1.193205e-02 
213 -1.626390e-02 
