0 -3.037554e-02 
1 -3.365028e-02 
2 -3.932727e-02 
3 -3.662867e-02 
4 -4.440320e-02 
5 -3.608647e-02 
6 -4.533419e-02 
7 -3.192564e-02 
8 -4.702195e-02 
9 -3.737186e-02 
10 -2.803662e-02 
11 -4.935321e-02 
12 -4.488228e-02 
13 -5.706887e-02 
14 -4.383680e-02 
15 -4.848282e-02 
16 -4.337899e-02 
17 -1.696795e-02 
18 -3.457320e-02 
19 -3.343237e-02 
20 -3.214732e-02 
21 -1.231788e-02 
22 -2.386867e-02 
23 -3.370285e-02 
24 -3.810669e-02 
25 -4.280929e-02 
26 -4.348978e-02 
27 -4.285730e-02 
28 -5.081463e-02 
29 -5.963392e-02 
30 -4.718501e-02 
31 -6.830615e-02 
32 -5.705166e-02 
33 -5.237277e-02 
34 -5.322707e-02 
35 -7.037227e-02 
36 -4.666736e-02 
37 -5.534286e-02 
38 -5.374364e-02 
39 -3.987937e-02 
40 -4.620617e-02 
41 -4.663427e-02 
42 -5.641708e-02 
43 -4.006348e-02 
44 -4.256502e-02 
45 -6.213546e-02 
46 -4.318224e-02 
47 -3.840659e-02 
48 -4.297393e-02 
49 -4.481432e-02 
50 -3.959175e-02 
51 -4.716647e-02 
52 -4.798089e-02 
53 -4.541790e-02 
54 -3.854093e-02 
55 -5.796401e-02 
56 -5.343923e-02 
57 -5.522972e-02 
58 -5.682278e-02 
59 -6.721182e-02 
60 -7.026425e-02 
61 -4.954658e-02 
62 -4.579614e-02 
63 -5.323999e-02 
64 -5.096310e-02 
65 -3.414541e-02 
66 -3.216094e-02 
67 -3.766241e-02 
68 -2.655404e-02 
69 -3.859178e-02 
70 -4.516960e-02 
71 -4.294061e-02 
72 -3.472937e-02 
73 -3.801933e-02 
74 -3.543797e-02 
75 -4.493317e-02 
76 -4.045444e-02 
77 -3.121905e-02 
78 -2.136016e-02 
79 -5.857498e-02 
80 -8.507716e-02 
81 -8.776663e-02 
82 -9.486888e-02 
83 -1.208865e-01 
84 -1.387149e-01 
85 -1.361537e-01 
86 -1.541018e-01 
87 -1.707796e-01 
88 -1.560078e-01 
89 -1.406873e-01 
90 -9.597300e-02 
91 -1.307079e-01 
92 -1.217732e-01 
93 -1.086421e-01 
94 -9.160375e-02 
95 -1.099705e-01 
96 -9.873974e-02 
97 -6.316532e-02 
98 -6.228801e-02 
99 -7.078894e-02 
100 -4.958345e-02 
101 -2.804026e-02 
102 -5.192969e-03 
103 -1.106655e-02 
104 -6.159352e-03 
105 -6.518485e-03 
106 -2.256884e-03 
107 2.931212e-03 
108 7.542581e-03 
109 2.179263e-02 
110 1.115131e-02 
111 2.589107e-02 
112 3.576617e-02 
113 2.696277e-02 
114 3.518645e-02 
115 1.505462e-02 
116 3.339706e-02 
117 2.657714e-02 
118 3.831379e-02 
119 3.866600e-02 
120 4.806402e-02 
121 3.577178e-02 
122 5.163078e-02 
123 4.992391e-02 
124 5.152069e-02 
125 5.253188e-02 
126 6.577189e-02 
127 6.680815e-02 
128 6.752821e-02 
129 8.767114e-02 
130 7.674421e-02 
131 6.910998e-02 
132 8.839420e-02 
133 9.661270e-02 
134 8.734204e-02 
135 7.727574e-02 
136 7.438577e-02 
137 1.031803e-01 
138 7.839643e-02 
139 7.771126e-02 
140 1.004173e-01 
141 9.062115e-02 
142 8.875263e-02 
143 1.040486e-01 
144 8.920521e-02 
145 9.839623e-02 
146 9.082916e-02 
147 9.803383e-02 
148 1.051795e-01 
149 1.118159e-01 
150 1.206536e-01 
151 8.944065e-02 
152 1.084101e-01 
153 8.632777e-02 
154 9.159223e-02 
155 8.493950e-02 
156 9.659354e-02 
157 8.010547e-02 
158 8.323821e-02 
159 9.113165e-02 
160 8.210798e-02 
161 9.543002e-02 
162 9.973243e-02 
163 1.054200e-01 
164 7.653172e-02 
165 8.090435e-02 
166 9.354600e-02 
167 9.535791e-02 
168 7.932796e-02 
169 7.471381e-02 
170 9.536634e-02 
171 9.798374e-02 
172 8.181635e-02 
173 8.671721e-02 
174 9.380586e-02 
175 7.369575e-02 
176 6.659974e-02 
177 7.174139e-02 
178 6.133001e-02 
179 6.464427e-02 
180 8.131392e-02 
181 7.319264e-02 
182 6.785472e-02 
183 7.167908e-02 
184 6.526232e-02 
185 6.021614e-02 
186 5.276433e-02 
187 5.137014e-02 
188 3.977549e-02 
189 5.109778e-02 
190 3.711782e-02 
191 4.783282e-02 
192 4.639429e-02 
193 4.758248e-02 
194 4.582705e-02 
195 4.618622e-02 
196 5.984707e-02 
197 4.978008e-02 
198 5.576252e-02 
199 5.634068e-02 
200 6.391325e-02 
201 7.009741e-02 
202 7.382291e-02 
203 6.800844e-02 
204 5.670706e-02 
205 6.422072e-02 
206 6.742414e-02 
207 6.451952e-02 
208 6.277554e-02 
209 6.651391e-02 
210 6.387662e-02 
211 4.906839e-02 
212 5.470501e-02 
213 5.781602e-02 
