0 5.367814e-04 
1 -1.071745e-03 
2 -1.635786e-03 
3 -3.609403e-04 
4 -2.134456e-04 
5 -1.022668e-03 
6 -8.335987e-03 
7 -6.276540e-03 
8 -3.420710e-04 
9 -6.043935e-03 
10 -1.874758e-02 
11 -7.701138e-03 
12 -7.432508e-03 
13 -3.548719e-04 
14 -3.851398e-03 
15 -4.546883e-03 
16 1.327896e-04 
17 3.558250e-03 
18 -2.292253e-03 
19 -3.656383e-03 
20 5.003525e-03 
21 -1.434291e-03 
22 -3.799871e-03 
23 -2.582808e-03 
24 6.556565e-03 
25 5.656922e-03 
26 6.178171e-03 
27 5.488228e-03 
28 8.956316e-03 
29 1.094339e-02 
30 9.357174e-03 
31 1.404860e-02 
32 1.198603e-02 
33 1.331972e-02 
34 1.694465e-02 
35 1.551241e-02 
36 1.272657e-02 
37 1.963555e-02 
38 2.028539e-02 
39 1.001858e-02 
40 1.414782e-02 
41 1.760443e-02 
42 2.205655e-02 
43 1.442477e-02 
44 1.580864e-02 
45 2.497730e-02 
46 1.718251e-02 
47 1.482678e-02 
48 1.660682e-02 
49 1.674469e-02 
50 1.502256e-02 
51 1.756228e-02 
52 1.821382e-02 
53 1.685119e-02 
54 1.322663e-02 
55 2.198499e-02 
56 1.793918e-02 
57 1.797029e-02 
58 1.986663e-02 
59 2.550208e-02 
60 2.199547e-02 
61 1.389328e-02 
62 1.705141e-02 
63 1.761558e-02 
64 1.226878e-02 
65 1.065660e-02 
66 1.477036e-02 
67 7.384166e-03 
68 8.339384e-03 
69 1.376102e-02 
70 9.330232e-03 
71 1.516814e-02 
72 1.016987e-02 
73 8.864688e-03 
74 7.823542e-03 
75 9.506829e-03 
76 5.062737e-03 
77 5.936234e-03 
78 -5.249389e-03 
79 8.544808e-04 
80 -4.485354e-04 
81 -2.205244e-03 
82 -2.560906e-03 
83 -3.480378e-03 
84 -3.955811e-03 
85 -3.009753e-03 
86 -4.759027e-03 
87 -5.293534e-03 
88 -3.740857e-03 
89 -5.690236e-03 
90 -2.715083e-03 
91 -4.256478e-03 
92 -3.916913e-03 
93 -2.970528e-03 
94 -4.080678e-03 
95 -3.868089e-03 
96 -3.236575e-03 
97 -2.758687e-03 
98 -2.437929e-03 
99 -2.995898e-03 
100 -4.155683e-03 
101 6.301898e-03 
102 2.782312e-03 
103 -1.161541e-02 
104 -1.458801e-02 
105 -2.712639e-02 
106 -1.669619e-02 
107 -2.121815e-02 
108 -1.948583e-02 
109 -3.100647e-02 
110 -2.276255e-02 
111 -3.592813e-02 
112 -1.782023e-02 
113 -3.637284e-02 
114 -2.992512e-02 
115 -1.796483e-02 
116 -1.893758e-02 
117 -2.652896e-02 
118 -3.207342e-02 
119 -3.649781e-02 
120 -3.964832e-02 
121 -1.609375e-02 
122 -4.308993e-02 
123 -2.218510e-02 
124 -4.038662e-02 
125 -4.503452e-02 
126 -5.189552e-02 
127 -5.519992e-02 
128 -5.653027e-02 
129 -6.706795e-02 
130 -6.174115e-02 
131 -5.057818e-02 
132 -6.273358e-02 
133 -6.920062e-02 
134 -6.802590e-02 
135 -6.078601e-02 
136 -5.469725e-02 
137 -7.379871e-02 
138 -5.710032e-02 
139 -5.469365e-02 
140 -6.123741e-02 
141 -5.119879e-02 
142 -4.553719e-02 
143 -5.492090e-02 
144 -4.539793e-02 
145 -4.499865e-02 
146 -3.820416e-02 
147 -4.025578e-02 
148 -4.218639e-02 
149 -2.943970e-02 
150 -2.233844e-02 
151 -2.452778e-02 
152 -1.404599e-02 
153 -6.288163e-03 
154 8.315283e-03 
155 5.384199e-02 
156 8.486871e-02 
157 7.620056e-02 
158 1.063197e-01 
159 1.467660e-01 
160 1.274311e-01 
161 1.468939e-01 
162 1.805829e-01 
163 1.718581e-01 
164 1.324778e-01 
165 1.479942e-01 
166 1.663803e-01 
167 1.611915e-01 
168 1.337226e-01 
169 1.313723e-01 
170 1.666032e-01 
171 1.582387e-01 
172 1.151132e-01 
173 1.581478e-01 
174 1.659118e-01 
175 8.897273e-02 
176 1.073909e-01 
177 1.287114e-01 
178 9.134952e-02 
179 1.013145e-01 
180 1.300764e-01 
181 1.144315e-01 
182 1.021475e-01 
183 9.148192e-02 
184 5.971271e-02 
185 8.301586e-02 
186 7.268730e-02 
187 4.963308e-02 
188 1.671307e-02 
189 1.515729e-02 
190 1.631516e-02 
191 -7.555972e-03 
192 -2.109951e-02 
193 -1.984372e-02 
194 -6.730152e-02 
195 -8.146747e-02 
196 -1.246542e-01 
197 -9.619516e-02 
198 -1.214676e-01 
199 -1.064981e-01 
200 -1.234845e-01 
201 -1.674491e-01 
202 -1.481650e-01 
203 -1.666256e-01 
204 -1.403439e-01 
205 -1.550512e-01 
206 -1.658863e-01 
207 -1.340800e-01 
208 -1.536007e-01 
209 -1.666247e-01 
210 -1.615398e-01 
211 -1.283610e-01 
212 -1.273757e-01 
213 -1.425522e-01 
