0 -6.807999e-02 
1 -4.585909e-02 
2 -5.814284e-02 
3 -4.492854e-02 
4 -6.879366e-02 
5 -4.629819e-02 
6 1.576272e-02 
7 -3.513078e-02 
8 -2.183661e-02 
9 2.461593e-02 
10 1.817146e-02 
11 3.025061e-02 
12 3.813527e-02 
13 5.531770e-02 
14 4.122059e-02 
15 1.285885e-02 
16 -5.803574e-02 
17 1.320936e-02 
18 -1.295975e-02 
19 -6.310278e-03 
20 -5.906002e-02 
21 1.582089e-03 
22 1.229549e-02 
23 -3.512434e-02 
24 -1.647303e-02 
25 -3.450332e-02 
26 -9.040347e-02 
27 2.659581e-02 
28 5.628762e-02 
29 8.212080e-02 
30 7.133841e-02 
31 1.115066e-01 
32 5.166945e-02 
33 6.880859e-02 
34 1.030334e-01 
35 1.013759e-01 
36 -5.755235e-02 
37 -1.629620e-01 
38 -1.352724e-01 
39 -7.436031e-02 
40 -1.865787e-01 
41 -1.978492e-01 
42 -2.147501e-01 
43 -9.000902e-02 
44 -1.357032e-01 
45 -2.170815e-01 
46 -7.137828e-02 
47 -1.411446e-01 
48 -4.872939e-02 
49 -6.979764e-02 
50 -2.864941e-02 
51 8.181619e-02 
52 7.364729e-02 
53 4.487487e-03 
54 5.937853e-02 
55 1.227929e-01 
56 5.069249e-02 
57 1.418711e-01 
58 2.028351e-01 
59 1.599221e-01 
60 1.970110e-01 
61 1.148934e-01 
62 1.547173e-01 
63 1.744205e-01 
64 1.176330e-01 
65 1.260273e-01 
66 1.041215e-01 
67 6.332782e-02 
68 1.708299e-02 
69 -4.366100e-03 
70 -1.933735e-01 
71 5.629783e-02 
72 1.484344e-02 
73 -7.943793e-02 
74 -1.143781e-01 
75 -2.022393e-01 
76 -1.780622e-01 
77 -1.125509e-01 
78 -5.203415e-02 
79 1.928990e-02 
80 -9.268618e-03 
81 4.065418e-03 
82 3.935215e-03 
83 6.098127e-03 
84 6.570325e-03 
85 1.989084e-02 
86 2.531372e-03 
87 7.665153e-04 
88 1.438601e-02 
89 -5.176960e-03 
90 -1.038863e-02 
91 -2.952034e-03 
92 8.558581e-04 
93 1.470814e-03 
94 -9.290763e-03 
95 -6.093693e-03 
96 -1.843672e-02 
97 -1.895640e-02 
98 -1.883264e-02 
99 -1.800642e-02 
100 -4.113759e-02 
101 -4.150039e-02 
102 -5.895458e-02 
103 -7.499942e-02 
104 -4.600826e-02 
105 -4.534074e-02 
106 -4.292711e-02 
107 -9.012167e-03 
108 2.887987e-02 
109 2.818902e-02 
110 6.013047e-02 
111 6.244162e-02 
112 7.543294e-02 
113 7.044455e-02 
114 6.719067e-02 
115 6.059693e-02 
116 3.114449e-02 
117 3.702735e-02 
118 6.548372e-02 
119 1.648435e-02 
120 5.249018e-03 
121 2.865020e-02 
122 3.333682e-02 
123 5.258185e-02 
124 5.805392e-03 
125 2.101638e-02 
126 4.751640e-02 
127 -7.897235e-04 
128 -1.724293e-02 
129 5.998384e-03 
130 -3.598240e-02 
131 -3.779229e-02 
132 -3.485986e-02 
133 -3.668190e-02 
134 -6.059275e-02 
135 -6.347032e-02 
136 -3.810371e-02 
137 -8.000069e-02 
138 -6.989101e-02 
139 -6.178589e-02 
140 -4.302980e-02 
141 -3.993642e-02 
142 -3.032430e-02 
143 -3.690928e-02 
144 -2.735248e-02 
145 -1.194534e-02 
146 6.532018e-04 
147 2.611768e-03 
148 6.802640e-03 
149 4.517911e-02 
150 4.095334e-02 
151 3.454802e-02 
152 5.831142e-02 
153 5.143336e-02 
154 7.686784e-02 
155 8.619838e-02 
156 8.481356e-02 
157 6.796834e-02 
158 7.841453e-02 
159 4.194323e-02 
160 4.441597e-02 
161 5.011710e-02 
162 -5.211173e-03 
163 1.860957e-02 
164 -4.843794e-03 
165 -1.121818e-02 
166 -2.648146e-02 
167 -1.870007e-02 
168 -3.779928e-03 
169 -2.102569e-02 
170 -3.256051e-02 
171 -2.714717e-02 
172 -3.348306e-02 
173 -3.658640e-02 
174 -4.342056e-02 
175 -3.023475e-02 
176 -4.248234e-02 
177 -4.636257e-02 
178 -2.689673e-02 
179 -4.145029e-02 
180 -4.730917e-02 
181 -4.193271e-02 
182 -3.330999e-02 
183 -4.023041e-02 
184 -1.286855e-03 
185 -1.635170e-02 
186 -2.392942e-02 
187 -2.894663e-03 
188 4.366114e-02 
189 3.175048e-02 
190 5.506599e-02 
191 6.878963e-02 
192 6.880630e-02 
193 6.295776e-02 
194 4.573322e-02 
195 1.215813e-02 
196 1.824192e-02 
197 8.967017e-03 
198 1.519765e-02 
199 -5.458360e-03 
200 -1.237533e-02 
201 -1.173347e-02 
202 -1.290701e-02 
203 -9.271429e-03 
204 -1.205978e-02 
205 -1.332269e-03 
206 -1.334239e-02 
207 -1.877569e-02 
208 -1.551185e-02 
209 -7.658856e-03 
210 -1.529784e-02 
211 -3.926275e-03 
212 -6.864502e-03 
213 -6.303556e-03 
