0 5.913037e-02 
1 6.658049e-02 
2 6.671365e-02 
3 7.148671e-02 
4 8.730982e-02 
5 4.835503e-02 
6 1.088159e-01 
7 8.003724e-02 
8 9.759799e-02 
9 9.006678e-02 
10 8.001781e-02 
11 1.175536e-01 
12 1.085440e-01 
13 1.199094e-01 
14 1.027445e-01 
15 1.142595e-01 
16 8.831349e-02 
17 5.253558e-02 
18 8.335151e-02 
19 7.839617e-02 
20 6.211043e-02 
21 5.403201e-02 
22 6.049849e-02 
23 7.383610e-02 
24 6.354320e-02 
25 7.192799e-02 
26 7.097083e-02 
27 7.896345e-02 
28 6.253760e-02 
29 1.020730e-01 
30 8.254804e-02 
31 1.070495e-01 
32 9.476259e-02 
33 8.300817e-02 
34 7.844609e-02 
35 1.141148e-01 
36 7.400979e-02 
37 8.681231e-02 
38 8.262012e-02 
39 4.650790e-02 
40 7.190147e-02 
41 7.430992e-02 
42 8.903414e-02 
43 5.997004e-02 
44 6.835336e-02 
45 9.803671e-02 
46 6.571359e-02 
47 5.913806e-02 
48 6.652783e-02 
49 6.873439e-02 
50 6.070768e-02 
51 6.479515e-02 
52 6.814292e-02 
53 6.654412e-02 
54 5.904063e-02 
55 7.827850e-02 
56 6.936459e-02 
57 7.634444e-02 
58 6.648752e-02 
59 9.132986e-02 
60 6.429926e-02 
61 4.225361e-02 
62 5.870724e-02 
63 6.228875e-02 
64 2.308616e-02 
65 4.957013e-02 
66 4.935658e-02 
67 1.414243e-02 
68 4.433377e-02 
69 5.125484e-02 
70 5.358292e-02 
71 5.241858e-02 
72 4.534174e-02 
73 3.315587e-02 
74 3.856400e-02 
75 5.207744e-02 
76 2.857643e-02 
77 3.870478e-02 
78 2.244367e-02 
79 -5.136767e-02 
80 -9.448151e-02 
81 -1.186532e-01 
82 -1.302485e-01 
83 -1.695102e-01 
84 -1.937138e-01 
85 -1.857738e-01 
86 -2.178452e-01 
87 -2.404462e-01 
88 -2.131817e-01 
89 -1.995079e-01 
90 -1.288965e-01 
91 -1.839603e-01 
92 -1.732806e-01 
93 -1.479100e-01 
94 -1.285084e-01 
95 -1.566650e-01 
96 -1.364669e-01 
97 -8.608937e-02 
98 -7.644743e-02 
99 -9.725879e-02 
100 -5.395126e-02 
101 -2.234905e-02 
102 1.426711e-03 
103 -4.092507e-03 
104 -9.999632e-03 
105 -1.716167e-02 
106 1.087929e-02 
107 4.931468e-04 
108 1.596450e-02 
109 9.235337e-03 
110 2.269431e-02 
111 7.578872e-03 
112 9.182592e-03 
113 8.148535e-03 
114 8.380492e-03 
115 1.827182e-02 
116 4.530212e-03 
117 1.094633e-02 
118 8.958923e-03 
119 1.256686e-02 
120 4.897920e-03 
121 8.235089e-03 
122 8.519804e-03 
123 5.113423e-03 
124 5.253505e-03 
125 7.366789e-03 
126 8.580847e-03 
127 5.304979e-03 
128 3.847477e-03 
129 4.202423e-03 
130 1.908896e-03 
131 -5.927969e-04 
132 -3.931161e-04 
133 1.080232e-03 
134 4.665487e-04 
135 6.860784e-04 
136 6.176862e-05 
137 -2.400949e-03 
138 -1.631229e-03 
139 1.587118e-03 
140 -4.611025e-03 
141 -6.686910e-03 
142 -7.465624e-03 
143 -7.495273e-03 
144 -7.020655e-03 
145 -9.518484e-03 
146 -9.295884e-03 
147 -9.921830e-03 
148 -1.083704e-02 
149 -1.291604e-02 
150 -1.592806e-02 
151 -1.041075e-02 
152 -1.465658e-02 
153 -1.207020e-02 
154 -1.543332e-02 
155 -2.040607e-02 
156 -2.642765e-02 
157 -2.264713e-02 
158 -2.720207e-02 
159 -3.401467e-02 
160 -3.019598e-02 
161 -3.476585e-02 
162 -4.035135e-02 
163 -4.094949e-02 
164 -3.093202e-02 
165 -3.314413e-02 
166 -3.864722e-02 
167 -3.667514e-02 
168 -3.132104e-02 
169 -3.089415e-02 
170 -3.899223e-02 
171 -3.864091e-02 
172 -3.396674e-02 
173 -3.616987e-02 
174 -3.871664e-02 
175 -2.873334e-02 
176 -2.768454e-02 
177 -3.019281e-02 
178 -2.425105e-02 
179 -2.640146e-02 
180 -3.360725e-02 
181 -2.986431e-02 
182 -2.518199e-02 
183 -2.953310e-02 
184 -2.649976e-02 
185 -2.309549e-02 
186 -2.417692e-02 
187 -1.598238e-02 
188 -9.715644e-03 
189 -1.865333e-02 
190 -4.337448e-03 
191 -1.630145e-02 
192 -1.575481e-02 
193 -1.720007e-02 
194 -1.786487e-02 
195 -1.815954e-02 
196 -2.628690e-02 
197 -2.143948e-02 
198 -2.352558e-02 
199 -2.573943e-02 
200 -2.910154e-02 
201 -3.219128e-02 
202 -3.340143e-02 
203 -3.079683e-02 
204 -2.812540e-02 
205 -2.953858e-02 
206 -3.034015e-02 
207 -2.870586e-02 
208 -2.812090e-02 
209 -2.911422e-02 
210 -2.821857e-02 
211 -1.582337e-02 
212 -2.398011e-02 
213 -2.525392e-02 
