0 5.326219e-02 
1 6.171791e-02 
2 6.753933e-02 
3 6.340185e-02 
4 7.646596e-02 
5 6.041027e-02 
6 8.573967e-02 
7 7.305551e-02 
8 8.294722e-02 
9 7.043684e-02 
10 7.361632e-02 
11 9.152772e-02 
12 8.356448e-02 
13 9.949110e-02 
14 7.934420e-02 
15 9.075447e-02 
16 7.596675e-02 
17 5.404788e-02 
18 7.033353e-02 
19 6.172224e-02 
20 5.683806e-02 
21 5.883281e-02 
22 5.738794e-02 
23 6.692099e-02 
24 5.878036e-02 
25 6.678773e-02 
26 6.818894e-02 
27 6.783319e-02 
28 6.745326e-02 
29 8.671522e-02 
30 7.258711e-02 
31 9.553296e-02 
32 8.090900e-02 
33 7.296500e-02 
34 7.376564e-02 
35 9.899249e-02 
36 6.467304e-02 
37 7.969176e-02 
38 7.353716e-02 
39 5.200934e-02 
40 6.620547e-02 
41 6.522168e-02 
42 7.806960e-02 
43 5.697303e-02 
44 6.001917e-02 
45 8.640059e-02 
46 6.160037e-02 
47 5.849624e-02 
48 6.161483e-02 
49 6.617008e-02 
50 5.910433e-02 
51 6.696061e-02 
52 6.684335e-02 
53 6.738168e-02 
54 6.416411e-02 
55 8.120657e-02 
56 8.049089e-02 
57 7.853008e-02 
58 7.874802e-02 
59 9.555218e-02 
60 9.538540e-02 
61 6.523853e-02 
62 6.676808e-02 
63 7.626577e-02 
64 6.517793e-02 
65 5.974637e-02 
66 7.533672e-02 
67 5.074399e-02 
68 5.760190e-02 
69 5.976470e-02 
70 7.008216e-02 
71 6.359927e-02 
72 5.336627e-02 
73 5.947318e-02 
74 5.352563e-02 
75 6.974157e-02 
76 6.001843e-02 
77 5.264545e-02 
78 4.894037e-02 
79 5.320029e-02 
80 7.125094e-02 
81 6.839711e-02 
82 7.355631e-02 
83 9.279124e-02 
84 1.067990e-01 
85 1.061700e-01 
86 1.185047e-01 
87 1.317308e-01 
88 1.222730e-01 
89 1.122443e-01 
90 7.672549e-02 
91 1.015368e-01 
92 9.397040e-02 
93 8.641160e-02 
94 7.407309e-02 
95 8.533217e-02 
96 8.093525e-02 
97 5.251365e-02 
98 5.308355e-02 
99 5.828563e-02 
100 5.652070e-02 
101 5.059247e-02 
102 4.576137e-02 
103 4.969257e-02 
104 4.759654e-02 
105 5.442266e-02 
106 4.975351e-02 
107 5.285215e-02 
108 5.087142e-02 
109 5.944590e-02 
110 5.509378e-02 
111 5.117715e-02 
112 5.842999e-02 
113 4.922269e-02 
114 5.315761e-02 
115 4.781798e-02 
116 5.706400e-02 
117 4.823642e-02 
118 5.495967e-02 
119 5.652074e-02 
120 4.992903e-02 
121 5.233700e-02 
122 6.138283e-02 
123 6.385629e-02 
124 5.407944e-02 
125 6.224473e-02 
126 7.642082e-02 
127 6.576983e-02 
128 6.282164e-02 
129 8.253265e-02 
130 6.544487e-02 
131 5.490783e-02 
132 7.183856e-02 
133 8.108085e-02 
134 7.060351e-02 
135 6.234855e-02 
136 6.051193e-02 
137 7.791693e-02 
138 5.899932e-02 
139 6.261945e-02 
140 7.388782e-02 
141 6.250521e-02 
142 6.050924e-02 
143 7.286096e-02 
144 6.152577e-02 
145 6.602293e-02 
146 6.086844e-02 
147 6.621775e-02 
148 7.090006e-02 
149 7.713659e-02 
150 8.157356e-02 
151 6.100880e-02 
152 7.457862e-02 
153 5.960672e-02 
154 6.186896e-02 
155 5.859813e-02 
156 6.701004e-02 
157 6.063055e-02 
158 5.860359e-02 
159 6.467565e-02 
160 5.947562e-02 
161 6.787868e-02 
162 7.272072e-02 
163 7.761375e-02 
164 5.719865e-02 
165 5.908701e-02 
166 7.046197e-02 
167 7.383324e-02 
168 5.819338e-02 
169 5.520798e-02 
170 7.341418e-02 
171 7.845303e-02 
172 6.361739e-02 
173 6.520861e-02 
174 7.240719e-02 
175 6.181703e-02 
176 5.285270e-02 
177 5.539458e-02 
178 5.342962e-02 
179 5.280824e-02 
180 6.780705e-02 
181 6.239064e-02 
182 5.920592e-02 
183 6.298680e-02 
184 5.900972e-02 
185 5.606873e-02 
186 5.463537e-02 
187 5.700195e-02 
188 5.406088e-02 
189 5.419629e-02 
190 5.699996e-02 
191 5.366021e-02 
192 5.341203e-02 
193 5.179382e-02 
194 4.991855e-02 
195 5.534841e-02 
196 6.163557e-02 
197 5.200234e-02 
198 5.996139e-02 
199 5.621615e-02 
200 6.194625e-02 
201 6.922025e-02 
202 7.222853e-02 
203 6.953214e-02 
204 6.477044e-02 
205 6.572303e-02 
206 6.747782e-02 
207 6.423593e-02 
208 6.258879e-02 
209 6.836808e-02 
210 6.473168e-02 
211 5.824940e-02 
212 5.650018e-02 
213 5.945277e-02 
