0 1.329740e-02 
1 1.064833e-02 
2 6.035949e-02 
3 2.479678e-02 
4 7.236125e-02 
5 3.806670e-02 
6 1.456265e-01 
7 4.730453e-02 
8 8.843810e-03 
9 1.045470e-01 
10 1.010576e-01 
11 1.466414e-01 
12 1.387885e-01 
13 2.374819e-02 
14 9.855855e-02 
15 1.212083e-01 
16 3.338603e-02 
17 2.301945e-02 
18 7.452448e-02 
19 9.797349e-02 
20 4.857313e-02 
21 1.857803e-02 
22 3.023414e-02 
23 3.091714e-02 
24 -1.332141e-01 
25 -8.153133e-02 
26 -3.829468e-02 
27 -1.136434e-01 
28 -2.179943e-01 
29 -2.569039e-01 
30 -1.646052e-01 
31 -3.082029e-01 
32 -2.761187e-01 
33 -2.286063e-01 
34 -1.182327e-01 
35 -3.150433e-01 
36 -2.036344e-01 
37 -1.062251e-01 
38 -9.164368e-02 
39 -1.327908e-01 
40 -1.073109e-01 
41 -7.380400e-02 
42 -6.609538e-02 
43 1.821156e-02 
44 -1.787843e-02 
45 -2.602409e-02 
46 4.971383e-02 
47 2.711833e-02 
48 3.907321e-02 
49 5.714024e-02 
50 6.447004e-02 
51 3.299475e-02 
52 1.898072e-02 
53 8.947444e-02 
54 7.414089e-02 
55 7.272118e-02 
56 1.022557e-01 
57 3.224613e-02 
58 5.975898e-02 
59 9.227893e-02 
60 8.655727e-02 
61 3.424005e-02 
62 7.349486e-02 
63 2.534858e-02 
64 4.957510e-02 
65 5.640674e-02 
66 2.113476e-02 
67 3.957574e-02 
68 6.465579e-02 
69 3.902951e-02 
70 1.205892e-01 
71 6.686712e-02 
72 8.122963e-02 
73 8.681175e-02 
74 9.432386e-02 
75 1.252848e-01 
76 9.182213e-02 
77 8.228969e-02 
78 1.981106e-02 
79 -2.296712e-02 
80 -2.809842e-02 
81 -1.382360e-02 
82 -1.258975e-02 
83 -1.215796e-02 
84 -1.394386e-02 
85 -3.897323e-03 
86 -1.018215e-02 
87 -1.121811e-02 
88 -7.575308e-04 
89 -6.536627e-04 
90 -1.009267e-02 
91 -6.248273e-03 
92 -1.957809e-03 
93 4.226777e-03 
94 1.287402e-03 
95 -7.869195e-04 
96 1.030254e-02 
97 1.016037e-02 
98 9.894437e-03 
99 8.896139e-03 
100 3.146536e-02 
101 4.351575e-02 
102 4.866584e-02 
103 5.717874e-02 
104 4.479624e-02 
105 4.631271e-02 
106 4.471370e-02 
107 3.916936e-02 
108 2.301192e-02 
109 2.459946e-02 
110 2.702794e-02 
111 1.411211e-02 
112 4.785662e-03 
113 1.101336e-02 
114 -4.163213e-03 
115 1.673457e-02 
116 6.985142e-03 
117 -6.815524e-03 
118 -6.580393e-03 
119 -1.206721e-02 
120 -2.735309e-02 
121 -8.671317e-03 
122 -2.519847e-02 
123 -1.455394e-02 
124 -3.157305e-02 
125 -2.945010e-02 
126 -2.898104e-02 
127 -4.609793e-02 
128 -4.721152e-02 
129 -4.779874e-02 
130 -5.167145e-02 
131 -3.547391e-02 
132 -4.568762e-02 
133 -4.464397e-02 
134 -5.081294e-02 
135 -4.436571e-02 
136 -3.128931e-02 
137 -3.716836e-02 
138 -3.066502e-02 
139 -2.214992e-02 
140 -1.260635e-02 
141 4.043887e-03 
142 1.107551e-02 
143 5.208369e-03 
144 1.168886e-02 
145 2.388449e-02 
146 2.516650e-02 
147 2.462684e-02 
148 2.826598e-02 
149 3.296476e-02 
150 4.258900e-02 
151 2.607945e-02 
152 3.655041e-02 
153 2.869248e-02 
154 4.289531e-02 
155 4.546685e-02 
156 4.686506e-02 
157 4.713508e-02 
158 4.174017e-02 
159 2.594994e-02 
160 2.745691e-02 
161 2.910972e-02 
162 6.283294e-03 
163 1.826774e-02 
164 1.023040e-03 
165 3.428744e-03 
166 -5.780859e-03 
167 -6.652587e-03 
168 6.727235e-03 
169 -8.423584e-04 
170 -1.201817e-02 
171 -8.981232e-03 
172 -5.603681e-03 
173 -9.459855e-03 
174 -1.502587e-02 
175 -7.522782e-03 
176 -1.524580e-02 
177 -1.635824e-02 
178 -2.467651e-02 
179 -1.861975e-02 
180 -2.738882e-02 
181 -2.546310e-02 
182 -2.477896e-02 
183 -2.563954e-02 
184 -2.029858e-02 
185 -2.565952e-02 
186 -1.754987e-02 
187 -2.146955e-02 
188 -2.102704e-02 
189 -2.606406e-02 
190 -2.150928e-02 
191 -2.890825e-02 
192 -2.724895e-02 
193 -2.638109e-02 
194 -1.499135e-02 
195 -6.979340e-03 
196 -7.695318e-03 
197 -6.294756e-03 
198 -2.392666e-03 
199 -4.339235e-03 
200 -2.772195e-03 
201 9.198690e-04 
202 -4.035967e-04 
203 3.560755e-03 
204 7.502482e-03 
205 8.132346e-04 
206 3.599918e-03 
207 4.541412e-03 
208 4.142453e-03 
209 5.386087e-03 
210 6.223994e-03 
211 1.308971e-02 
212 2.361906e-03 
213 3.034299e-03 
