0 -1.467694e-02 
1 -1.637416e-03 
2 -1.220462e-02 
3 -1.205147e-02 
4 -2.689453e-02 
5 -9.585041e-03 
6 -4.948060e-03 
7 -7.977235e-03 
8 -3.828590e-03 
9 7.976415e-04 
10 7.442939e-03 
11 -9.524397e-04 
12 1.394149e-03 
13 1.688739e-02 
14 1.386714e-03 
15 -7.554323e-03 
16 -1.944682e-02 
17 -1.076884e-02 
18 -1.247070e-02 
19 -9.537640e-03 
20 -2.436615e-02 
21 -2.426722e-02 
22 7.362370e-03 
23 -2.258791e-03 
24 -8.540270e-03 
25 -1.130168e-02 
26 -3.341449e-02 
27 5.507989e-03 
28 1.599550e-02 
29 2.592767e-02 
30 1.977777e-02 
31 3.514830e-02 
32 1.715393e-02 
33 2.259734e-02 
34 3.197839e-02 
35 3.221433e-02 
36 -1.314800e-02 
37 -4.541169e-02 
38 -2.971880e-02 
39 -1.908471e-02 
40 -5.043952e-02 
41 -4.725464e-02 
42 -5.087311e-02 
43 -1.848361e-02 
44 -2.826330e-02 
45 -4.632054e-02 
46 -8.334363e-03 
47 -2.504259e-02 
48 -4.110652e-03 
49 -8.692916e-03 
50 -2.034555e-04 
51 2.553226e-02 
52 2.807229e-02 
53 1.018139e-02 
54 2.858370e-02 
55 3.968660e-02 
56 2.260252e-02 
57 4.216687e-02 
58 5.336180e-02 
59 5.001981e-02 
60 4.718635e-02 
61 2.485540e-02 
62 3.887547e-02 
63 4.228444e-02 
64 1.912908e-02 
65 2.646734e-02 
66 -8.094840e-03 
67 4.413544e-03 
68 -1.056644e-02 
69 -1.126407e-02 
70 -7.907334e-02 
71 5.107692e-03 
72 -2.155050e-03 
73 -3.465732e-02 
74 -4.361902e-02 
75 -7.987995e-02 
76 -5.600102e-02 
77 -2.607890e-02 
78 -3.158259e-02 
79 -4.598126e-03 
80 -1.563617e-02 
81 -1.060550e-02 
82 -1.029788e-02 
83 -1.239490e-02 
84 -1.271355e-02 
85 -8.333680e-03 
86 -1.052170e-02 
87 -1.098203e-02 
88 -2.901343e-03 
89 1.274728e-03 
90 -7.364721e-04 
91 -3.241942e-03 
92 -3.389819e-03 
93 9.212472e-04 
94 5.348997e-03 
95 -4.187035e-04 
96 8.530346e-03 
97 9.941558e-03 
98 3.841908e-03 
99 9.411475e-03 
100 3.080268e-02 
101 2.437007e-02 
102 1.612440e-02 
103 5.930052e-02 
104 7.794166e-02 
105 7.755216e-02 
106 6.413056e-02 
107 9.547365e-02 
108 8.538880e-02 
109 8.971290e-02 
110 6.807137e-02 
111 8.355372e-02 
112 7.629629e-02 
113 8.019370e-02 
114 4.070138e-02 
115 5.974852e-02 
116 6.605528e-02 
117 -1.492865e-02 
118 3.095708e-02 
119 -1.364978e-02 
120 -5.230246e-02 
121 -1.194315e-04 
122 -3.335911e-02 
123 1.088118e-02 
124 -6.034578e-02 
125 -6.383861e-02 
126 -2.015534e-02 
127 -9.438514e-02 
128 -1.118799e-01 
129 -1.097581e-01 
130 -1.111978e-01 
131 -7.187895e-02 
132 -1.158560e-01 
133 -7.773274e-02 
134 -7.585011e-02 
135 -4.899224e-02 
136 -1.155331e-02 
137 2.415707e-02 
138 1.458470e-02 
139 3.445112e-02 
140 6.240627e-02 
141 1.347795e-01 
142 1.408325e-01 
143 1.186347e-01 
144 1.340808e-01 
145 1.624611e-01 
146 1.309949e-01 
147 1.160124e-01 
148 1.194272e-01 
149 7.415835e-03 
150 3.597270e-02 
151 -5.241562e-03 
152 -5.831378e-02 
153 -6.771479e-02 
154 -1.010574e-01 
155 -1.827770e-01 
156 -1.971677e-01 
157 -1.832801e-01 
158 -2.227719e-01 
159 -1.516851e-01 
160 -1.510027e-01 
161 -1.663206e-01 
162 -3.670420e-02 
163 -8.823254e-02 
164 -2.398886e-02 
165 -1.120144e-02 
166 3.210238e-02 
167 3.896756e-02 
168 -1.465299e-02 
169 2.590696e-02 
170 6.068449e-02 
171 8.377495e-02 
172 7.839635e-02 
173 6.543435e-02 
174 9.997031e-02 
175 1.026023e-01 
176 1.147667e-01 
177 1.135562e-01 
178 8.405557e-02 
179 1.245400e-01 
180 1.300225e-01 
181 1.178543e-01 
182 1.069702e-01 
183 1.151555e-01 
184 -1.804516e-02 
185 5.350414e-02 
186 5.571965e-02 
187 1.358028e-02 
188 -7.904579e-02 
189 -9.002019e-02 
190 -1.246650e-01 
191 -2.048619e-01 
192 -2.080379e-01 
193 -1.965569e-01 
194 -1.499928e-01 
195 -7.162813e-02 
196 -7.157093e-02 
197 -3.629339e-02 
198 -3.441275e-02 
199 2.729350e-03 
200 2.020456e-02 
201 2.232749e-02 
202 2.018564e-02 
203 1.432841e-02 
204 1.860445e-02 
205 -6.449519e-03 
206 3.073704e-02 
207 5.147121e-02 
208 4.011127e-02 
209 4.375384e-02 
210 4.208591e-02 
211 1.105179e-02 
212 1.821831e-02 
213 1.208672e-02 
