0 1.402391e-02 
1 1.530264e-02 
2 1.377572e-02 
3 4.603085e-03 
4 -1.784784e-02 
5 1.811827e-02 
6 -1.188531e-02 
7 1.670808e-02 
8 1.063485e-02 
9 -8.012133e-03 
10 5.178235e-03 
11 -1.324978e-02 
12 -1.460071e-02 
13 -1.051834e-02 
14 -1.699136e-02 
15 -1.397110e-02 
16 -2.928844e-03 
17 -9.116137e-03 
18 -7.710180e-03 
19 -1.169281e-02 
20 -1.918790e-02 
21 -3.282043e-03 
22 9.360447e-03 
23 1.611879e-03 
24 -2.649086e-02 
25 -4.476203e-02 
26 -7.214781e-02 
27 -2.617310e-02 
28 -3.153436e-02 
29 -3.199036e-02 
30 -1.109037e-02 
31 -3.117372e-02 
32 -1.676514e-02 
33 -1.172702e-02 
34 -1.505519e-02 
35 -2.944331e-02 
36 4.917903e-02 
37 1.078907e-01 
38 1.047693e-01 
39 4.887167e-02 
40 1.125764e-01 
41 1.229793e-01 
42 1.411756e-01 
43 5.465548e-02 
44 9.191809e-02 
45 1.414447e-01 
46 4.267282e-02 
47 8.043133e-02 
48 3.367411e-02 
49 3.569346e-02 
50 1.190263e-02 
51 -2.731652e-02 
52 -8.738083e-03 
53 -1.499876e-02 
54 -1.699292e-02 
55 -3.943949e-02 
56 -4.756920e-02 
57 -4.535373e-02 
58 -7.657583e-02 
59 -5.809371e-02 
60 -8.512941e-02 
61 -5.598056e-02 
62 -6.186493e-02 
63 -6.272746e-02 
64 -6.502043e-02 
65 -5.298651e-02 
66 -4.606978e-03 
67 -4.477448e-02 
68 -6.041707e-02 
69 -1.979287e-02 
70 -1.470725e-01 
71 -5.113042e-02 
72 -6.241527e-02 
73 -7.585207e-02 
74 -9.100611e-02 
75 -1.503946e-01 
76 -9.481387e-02 
77 -3.227779e-02 
78 4.442506e-03 
79 -2.250577e-02 
80 -3.354124e-02 
81 -1.782421e-02 
82 -1.649370e-02 
83 -1.868582e-02 
84 -1.833848e-02 
85 -2.097949e-02 
86 -1.264249e-02 
87 -1.132747e-02 
88 -9.161438e-03 
89 9.208989e-03 
90 1.100277e-02 
91 1.504713e-03 
92 -1.317872e-03 
93 2.649720e-03 
94 1.771316e-02 
95 6.043158e-03 
96 2.195785e-02 
97 2.452650e-02 
98 1.759131e-02 
99 2.359072e-02 
100 6.545448e-02 
101 3.794731e-02 
102 1.207018e-01 
103 1.377147e-01 
104 1.589347e-01 
105 1.503044e-01 
106 1.327169e-01 
107 1.746548e-01 
108 1.378211e-01 
109 1.694183e-01 
110 1.151572e-01 
111 1.446020e-01 
112 1.219885e-01 
113 1.186301e-01 
114 9.335726e-02 
115 9.281821e-02 
116 1.014408e-01 
117 1.455391e-02 
118 7.836990e-02 
119 2.412858e-02 
120 -4.225839e-02 
121 6.934653e-03 
122 1.795478e-03 
123 5.628925e-02 
124 -4.584631e-02 
125 -1.892557e-02 
126 2.624081e-02 
127 -7.759309e-02 
128 -1.073721e-01 
129 -7.557428e-02 
130 -1.324642e-01 
131 -1.049323e-01 
132 -1.259205e-01 
133 -1.130029e-01 
134 -1.499844e-01 
135 -1.388194e-01 
136 -8.168714e-02 
137 -1.262848e-01 
138 -1.108250e-01 
139 -8.675361e-02 
140 -4.318228e-02 
141 1.842211e-03 
142 2.271901e-02 
143 1.731167e-03 
144 2.474110e-02 
145 6.629435e-02 
146 7.258040e-02 
147 6.949277e-02 
148 8.023233e-02 
149 9.467865e-02 
150 1.078265e-01 
151 7.061906e-02 
152 9.277380e-02 
153 6.995370e-02 
154 1.035561e-01 
155 8.148597e-02 
156 6.445131e-02 
157 7.232115e-02 
158 3.845917e-02 
159 -1.842814e-02 
160 1.161541e-03 
161 -8.837151e-03 
162 -6.494401e-02 
163 -3.448707e-02 
164 -4.217472e-02 
165 -6.078911e-02 
166 -5.516431e-02 
167 -5.105921e-02 
168 -4.664058e-02 
169 -5.680946e-02 
170 -5.085783e-02 
171 -3.372837e-02 
172 -5.798033e-02 
173 -6.511931e-02 
174 -5.153789e-02 
175 -2.839962e-02 
176 -3.565282e-02 
177 -4.509242e-02 
178 1.322517e-02 
179 -1.992928e-02 
180 -7.020145e-03 
181 1.313643e-03 
182 6.959366e-04 
183 8.660929e-03 
184 3.734382e-02 
185 3.507540e-02 
186 3.601914e-02 
187 5.409975e-02 
188 9.134193e-02 
189 1.028440e-01 
190 1.173463e-01 
191 1.567154e-01 
192 1.554418e-01 
193 1.436237e-01 
194 9.560108e-02 
195 4.508841e-02 
196 3.090113e-02 
197 1.256463e-02 
198 3.219555e-02 
199 -6.046885e-03 
200 -3.993959e-02 
201 -5.104337e-02 
202 -4.748889e-02 
203 -3.747119e-02 
204 2.221246e-03 
205 -1.527768e-02 
206 -5.883430e-02 
207 -5.668875e-02 
208 -6.354933e-02 
209 -4.520209e-02 
210 -6.474952e-02 
211 -3.692237e-02 
212 -3.190542e-02 
213 -3.817517e-02 
