0 -2.121625e-02 
1 -3.239015e-02 
2 1.438683e-02 
3 -8.014158e-03 
4 -1.867458e-02 
5 -8.536039e-03 
6 1.162989e-01 
7 1.575401e-02 
8 3.064069e-02 
9 9.630339e-02 
10 7.785509e-02 
11 1.305928e-01 
12 1.275758e-01 
13 4.999269e-02 
14 1.014402e-01 
15 8.410678e-02 
16 -1.082718e-02 
17 -5.969349e-03 
18 1.596149e-02 
19 5.308466e-02 
20 -3.301567e-02 
21 -1.544447e-02 
22 -1.319362e-02 
23 -5.326727e-02 
24 -1.050125e-01 
25 -1.406189e-01 
26 -1.977266e-01 
27 -5.950088e-02 
28 -9.269076e-02 
29 -9.265112e-02 
30 -4.621735e-02 
31 -8.953961e-02 
32 -8.650221e-02 
33 -5.193004e-02 
34 7.352356e-03 
35 -9.116175e-02 
36 6.273139e-03 
37 1.006660e-01 
38 1.328059e-01 
39 2.069289e-02 
40 9.887788e-02 
41 1.317272e-01 
42 1.761404e-01 
43 8.829247e-02 
44 1.291488e-01 
45 1.951707e-01 
46 9.302442e-02 
47 7.446485e-02 
48 8.689343e-02 
49 8.261385e-02 
50 5.011220e-02 
51 3.927498e-02 
52 6.576807e-02 
53 3.320573e-02 
54 1.690133e-02 
55 6.001015e-02 
56 -2.441659e-02 
57 3.821016e-02 
58 1.865877e-02 
59 5.567690e-02 
60 5.639716e-03 
61 -9.291484e-03 
62 1.445631e-02 
63 -5.298842e-03 
64 -2.985127e-02 
65 -7.135675e-04 
66 -3.810250e-02 
67 -4.165231e-02 
68 -8.639685e-02 
69 -2.588944e-02 
70 -3.246697e-01 
71 -3.212702e-02 
72 -6.637776e-02 
73 -1.706115e-01 
74 -1.987916e-01 
75 -3.389064e-01 
76 -2.811665e-01 
77 -1.367554e-01 
78 -3.204075e-02 
79 -1.279479e-02 
80 -3.807299e-02 
81 5.405950e-03 
82 9.300408e-03 
83 1.859545e-02 
84 2.261507e-02 
85 2.403529e-02 
86 2.646069e-02 
87 2.905707e-02 
88 3.122616e-02 
89 1.709280e-02 
90 1.629581e-02 
91 2.361947e-02 
92 2.473407e-02 
93 1.565536e-02 
94 8.801687e-03 
95 1.942833e-02 
96 4.271081e-03 
97 5.684323e-04 
98 4.811221e-03 
99 2.065581e-03 
100 -3.862164e-02 
101 -7.077115e-02 
102 -7.563952e-02 
103 -1.361643e-01 
104 -1.038507e-01 
105 -1.003532e-01 
106 -1.065264e-01 
107 -9.234967e-02 
108 -5.076734e-02 
109 -7.125992e-02 
110 -2.914859e-02 
111 -3.947255e-02 
112 -1.920917e-02 
113 -2.229704e-02 
114 -1.175288e-02 
115 -1.280238e-02 
116 -3.243441e-02 
117 3.081651e-03 
118 -5.286292e-03 
119 7.019335e-03 
120 2.764768e-02 
121 -5.509692e-03 
122 1.993675e-02 
123 3.884301e-03 
124 3.133618e-02 
125 2.257346e-02 
126 1.796663e-02 
127 5.159601e-02 
128 5.627628e-02 
129 5.163542e-02 
130 6.480711e-02 
131 4.581594e-02 
132 5.897557e-02 
133 5.443399e-02 
134 6.484121e-02 
135 5.664447e-02 
136 3.621752e-02 
137 4.521105e-02 
138 3.865085e-02 
139 2.700699e-02 
140 1.096548e-02 
141 -1.244897e-02 
142 -2.123602e-02 
143 -1.259545e-02 
144 -2.182594e-02 
145 -3.957905e-02 
146 -3.974795e-02 
147 -3.807359e-02 
148 -4.305855e-02 
149 -4.233043e-02 
150 -5.217092e-02 
151 -3.256349e-02 
152 -4.014725e-02 
153 -2.900220e-02 
154 -4.251744e-02 
155 -3.076406e-02 
156 -2.321151e-02 
157 -2.968433e-02 
158 -1.116697e-02 
159 1.232617e-02 
160 3.656019e-03 
161 9.052793e-03 
162 3.064869e-02 
163 1.882286e-02 
164 2.050901e-02 
165 2.790041e-02 
166 2.450671e-02 
167 2.679172e-02 
168 2.238395e-02 
169 2.518924e-02 
170 2.285979e-02 
171 1.810079e-02 
172 2.564048e-02 
173 2.859900e-02 
174 2.266704e-02 
175 1.413986e-02 
176 1.505387e-02 
177 1.860458e-02 
178 -6.963439e-03 
179 8.115435e-03 
180 1.352082e-03 
181 -2.889460e-03 
182 -1.833489e-03 
183 -6.339093e-03 
184 -1.623613e-02 
185 -1.766408e-02 
186 -2.304470e-02 
187 -2.740907e-02 
188 -4.397745e-02 
189 -4.297244e-02 
190 -5.470147e-02 
191 -6.234020e-02 
192 -6.211638e-02 
193 -5.621683e-02 
194 -3.547609e-02 
195 -2.201012e-02 
196 -1.182700e-02 
197 -6.546440e-03 
198 -1.167059e-02 
199 1.039571e-03 
200 1.520401e-02 
201 2.040073e-02 
202 1.864339e-02 
203 1.562424e-02 
204 -6.799313e-03 
205 5.631361e-03 
206 2.473741e-02 
207 2.393593e-02 
208 2.698531e-02 
209 2.063700e-02 
210 2.850124e-02 
211 2.549880e-02 
212 1.423077e-02 
213 1.727508e-02 
