0 	5 
1 	5 
2 	0 
3 	3 
4 	0 
5 	3 
6 	0 
7 	4 
8 	2 
9 	1 
10 	0 
11 	0 
12 	0 
13 	0 
14 	0 
15 	0 
16 	5 
17 	5 
18 	0 
19 	0 
20 	5 
21 	5 
22 	0 
23 	5 
24 	5 
25 	5 
26 	5 
27 	5 
28 	5 
29 	5 
30 	5 
31 	6 
32 	5 
33 	5 
34 	2 
35 	2 
36 	2 
37 	2 
38 	2 
39 	2 
40 	2 
41 	2 
42 	2 
43 	2 
44 	2 
45 	2 
46 	2 
47 	2 
48 	2 
49 	2 
50 	2 
51 	2 
52 	2 
53 	2 
54 	2 
55 	2 
56 	2 
57 	2 
58 	2 
59 	2 
60 	6 
61 	2 
62 	2 
63 	2 
64 	6 
65 	2 
66 	2 
67 	6 
68 	6 
69 	2 
70 	5 
71 	5 
72 	5 
73 	5 
74 	5 
75 	5 
76 	5 
77 	5 
78 	5 
79 	5 
80 	5 
81 	5 
82 	6 
83 	6 
84 	6 
85 	6 
86 	6 
87 	6 
88 	6 
89 	6 
90 	6 
91 	6 
92 	6 
93 	6 
94 	6 
95 	6 
96 	6 
97 	6 
98 	6 
99 	6 
100 	6 
101 	3 
102 	3 
103 	3 
104 	3 
105 	3 
106 	0 
107 	3 
108 	0 
109 	3 
110 	0 
111 	4 
112 	4 
113 	4 
114 	0 
115 	4 
116 	4 
117 	4 
118 	0 
119 	4 
120 	4 
121 	1 
122 	1 
123 	1 
124 	1 
125 	1 
126 	1 
127 	1 
128 	1 
129 	1 
130 	1 
131 	1 
132 	1 
133 	1 
134 	1 
135 	1 
136 	1 
137 	1 
138 	1 
139 	1 
140 	1 
141 	1 
142 	1 
143 	1 
144 	1 
145 	1 
146 	1 
147 	1 
148 	1 
149 	1 
150 	1 
151 	1 
152 	1 
153 	1 
154 	4 
155 	4 
156 	4 
157 	4 
158 	4 
159 	4 
160 	4 
161 	4 
162 	4 
163 	4 
164 	4 
165 	4 
166 	4 
167 	4 
168 	4 
169 	4 
170 	4 
171 	4 
172 	4 
173 	4 
174 	3 
175 	3 
176 	3 
177 	3 
178 	3 
179 	3 
180 	3 
181 	3 
182 	3 
183 	3 
184 	3 
185 	3 
186 	3 
187 	3 
188 	3 
189 	3 
190 	3 
191 	3 
192 	3 
193 	3 
194 	3 
195 	0 
196 	0 
197 	0 
198 	0 
199 	0 
200 	0 
201 	0 
202 	0 
203 	0 
204 	0 
205 	0 
206 	0 
207 	0 
208 	0 
209 	0 
210 	0 
211 	0 
212 	0 
213 	0 
