0 	7 
1 	7 
2 	7 
3 	7 
4 	3 
5 	7 
6 	4 
7 	4 
8 	4 
9 	4 
10 	4 
11 	4 
12 	4 
13 	3 
14 	3 
15 	3 
16 	3 
17 	3 
18 	3 
19 	3 
20 	3 
21 	3 
22 	3 
23 	3 
24 	3 
25 	3 
26 	3 
27 	3 
28 	5 
29 	3 
30 	5 
31 	3 
32 	3 
33 	5 
34 	0 
35 	0 
36 	5 
37 	0 
38 	0 
39 	0 
40 	0 
41 	0 
42 	0 
43 	0 
44 	0 
45 	0 
46 	0 
47 	0 
48 	0 
49 	0 
50 	0 
51 	0 
52 	0 
53 	0 
54 	0 
55 	0 
56 	0 
57 	0 
58 	0 
59 	0 
60 	8 
61 	0 
62 	0 
63 	0 
64 	8 
65 	0 
66 	5 
67 	5 
68 	5 
69 	5 
70 	5 
71 	5 
72 	5 
73 	5 
74 	5 
75 	5 
76 	5 
77 	5 
78 	5 
79 	5 
80 	3 
81 	3 
82 	8 
83 	8 
84 	8 
85 	8 
86 	8 
87 	8 
88 	8 
89 	8 
90 	8 
91 	8 
92 	8 
93 	8 
94 	8 
95 	8 
96 	7 
97 	7 
98 	7 
99 	7 
100 	7 
101 	7 
102 	7 
103 	7 
104 	7 
105 	7 
106 	7 
107 	1 
108 	4 
109 	4 
110 	4 
111 	4 
112 	4 
113 	4 
114 	4 
115 	4 
116 	4 
117 	4 
118 	4 
119 	4 
120 	4 
121 	2 
122 	2 
123 	2 
124 	2 
125 	2 
126 	2 
127 	2 
128 	2 
129 	2 
130 	2 
131 	2 
132 	2 
133 	2 
134 	2 
135 	2 
136 	2 
137 	2 
138 	10 
139 	10 
140 	10 
141 	10 
142 	10 
143 	10 
144 	10 
145 	2 
146 	10 
147 	2 
148 	2 
149 	10 
150 	2 
151 	2 
152 	2 
153 	2 
154 	9 
155 	9 
156 	9 
157 	9 
158 	9 
159 	9 
160 	9 
161 	9 
162 	9 
163 	9 
164 	9 
165 	9 
166 	9 
167 	1 
168 	1 
169 	9 
170 	1 
171 	1 
172 	1 
173 	1 
174 	1 
175 	1 
176 	1 
177 	1 
178 	1 
179 	1 
180 	1 
181 	1 
182 	1 
183 	1 
184 	1 
185 	1 
186 	1 
187 	1 
188 	1 
189 	1 
190 	1 
191 	1 
192 	1 
193 	7 
194 	1 
195 	6 
196 	6 
197 	4 
198 	6 
199 	6 
200 	6 
201 	6 
202 	6 
203 	6 
204 	6 
205 	6 
206 	6 
207 	6 
208 	6 
209 	6 
210 	6 
211 	6 
212 	6 
213 	6 
