0 	1 
1 	1 
2 	1 
3 	1 
4 	1 
5 	1 
6 	9 
7 	9 
8 	9 
9 	9 
10 	9 
11 	9 
12 	9 
13 	9 
14 	9 
15 	3 
16 	12 
17 	12 
18 	12 
19 	3 
20 	12 
21 	12 
22 	3 
23 	12 
24 	12 
25 	12 
26 	12 
27 	12 
28 	15 
29 	12 
30 	2 
31 	2 
32 	2 
33 	2 
34 	2 
35 	2 
36 	2 
37 	2 
38 	2 
39 	2 
40 	2 
41 	2 
42 	2 
43 	11 
44 	11 
45 	11 
46 	11 
47 	11 
48 	11 
49 	11 
50 	11 
51 	11 
52 	4 
53 	11 
54 	11 
55 	4 
56 	4 
57 	4 
58 	4 
59 	4 
60 	4 
61 	4 
62 	4 
63 	4 
64 	4 
65 	4 
66 	2 
67 	4 
68 	17 
69 	17 
70 	15 
71 	15 
72 	17 
73 	15 
74 	15 
75 	15 
76 	15 
77 	15 
78 	15 
79 	15 
80 	1 
81 	1 
82 	1 
83 	1 
84 	10 
85 	10 
86 	10 
87 	10 
88 	10 
89 	10 
90 	10 
91 	10 
92 	10 
93 	10 
94 	10 
95 	10 
96 	17 
97 	17 
98 	17 
99 	17 
100 	17 
101 	1 
102 	1 
103 	1 
104 	1 
105 	1 
106 	3 
107 	0 
108 	3 
109 	13 
110 	13 
111 	13 
112 	13 
113 	13 
114 	13 
115 	9 
116 	13 
117 	13 
118 	9 
119 	9 
120 	13 
121 	7 
122 	7 
123 	7 
124 	8 
125 	8 
126 	8 
127 	8 
128 	8 
129 	7 
130 	7 
131 	7 
132 	7 
133 	7 
134 	7 
135 	7 
136 	7 
137 	7 
138 	16 
139 	16 
140 	16 
141 	16 
142 	16 
143 	16 
144 	16 
145 	8 
146 	16 
147 	8 
148 	8 
149 	16 
150 	8 
151 	8 
152 	8 
153 	8 
154 	6 
155 	6 
156 	6 
157 	6 
158 	6 
159 	6 
160 	6 
161 	6 
162 	6 
163 	6 
164 	6 
165 	5 
166 	6 
167 	5 
168 	5 
169 	5 
170 	5 
171 	5 
172 	5 
173 	5 
174 	5 
175 	5 
176 	5 
177 	5 
178 	5 
179 	0 
180 	0 
181 	0 
182 	0 
183 	0 
184 	0 
185 	0 
186 	0 
187 	0 
188 	0 
189 	0 
190 	0 
191 	0 
192 	0 
193 	3 
194 	0 
195 	3 
196 	14 
197 	13 
198 	13 
199 	14 
200 	14 
201 	14 
202 	14 
203 	14 
204 	14 
205 	3 
206 	14 
207 	14 
208 	3 
209 	3 
210 	14 
211 	3 
212 	3 
213 	3 
