0 	2 
1 	2 
2 	2 
3 	2 
4 	4 
5 	2 
6 	1 
7 	1 
8 	1 
9 	1 
10 	1 
11 	1 
12 	1 
13 	1 
14 	1 
15 	0 
16 	4 
17 	4 
18 	4 
19 	0 
20 	4 
21 	4 
22 	0 
23 	4 
24 	4 
25 	4 
26 	4 
27 	4 
28 	13 
29 	4 
30 	6 
31 	6 
32 	6 
33 	6 
34 	6 
35 	6 
36 	6 
37 	6 
38 	17 
39 	17 
40 	17 
41 	17 
42 	17 
43 	17 
44 	17 
45 	17 
46 	17 
47 	15 
48 	15 
49 	15 
50 	15 
51 	15 
52 	15 
53 	15 
54 	15 
55 	10 
56 	15 
57 	10 
58 	10 
59 	10 
60 	10 
61 	10 
62 	10 
63 	10 
64 	10 
65 	10 
66 	6 
67 	6 
68 	19 
69 	6 
70 	13 
71 	6 
72 	19 
73 	13 
74 	13 
75 	13 
76 	13 
77 	13 
78 	13 
79 	13 
80 	2 
81 	2 
82 	2 
83 	2 
84 	7 
85 	7 
86 	7 
87 	7 
88 	7 
89 	7 
90 	7 
91 	7 
92 	7 
93 	7 
94 	7 
95 	7 
96 	19 
97 	19 
98 	19 
99 	19 
100 	19 
101 	2 
102 	2 
103 	2 
104 	0 
105 	2 
106 	0 
107 	8 
108 	0 
109 	8 
110 	12 
111 	12 
112 	12 
113 	12 
114 	12 
115 	1 
116 	12 
117 	12 
118 	1 
119 	1 
120 	12 
121 	12 
122 	1 
123 	3 
124 	3 
125 	3 
126 	3 
127 	3 
128 	3 
129 	14 
130 	14 
131 	14 
132 	14 
133 	14 
134 	14 
135 	14 
136 	14 
137 	14 
138 	16 
139 	16 
140 	16 
141 	16 
142 	16 
143 	16 
144 	16 
145 	3 
146 	16 
147 	3 
148 	3 
149 	16 
150 	3 
151 	3 
152 	3 
153 	3 
154 	5 
155 	5 
156 	5 
157 	5 
158 	5 
159 	5 
160 	5 
161 	5 
162 	5 
163 	5 
164 	5 
165 	18 
166 	5 
167 	18 
168 	18 
169 	18 
170 	18 
171 	18 
172 	18 
173 	18 
174 	18 
175 	8 
176 	8 
177 	8 
178 	8 
179 	8 
180 	8 
181 	8 
182 	8 
183 	11 
184 	11 
185 	11 
186 	11 
187 	11 
188 	11 
189 	11 
190 	11 
191 	11 
192 	11 
193 	0 
194 	8 
195 	0 
196 	9 
197 	0 
198 	9 
199 	9 
200 	9 
201 	9 
202 	9 
203 	9 
204 	9 
205 	0 
206 	9 
207 	9 
208 	0 
209 	0 
210 	9 
211 	0 
212 	0 
213 	0 
